7
3
30	30
0	0	0	0	0	0.16863	0.015686	0	0	0	0	0	0	0	0	0	0	0	0	0	0	0	0	0	0	0	0	0	0	0	
0	0	0	0	0	0.21961	0.21961	0	0	0	0	0	0	0	0	0	0	0	0	0	0	0	0	0	0	0	0	0	0	0	
0	0	0	0	0.05098	0.16863	0.1451	0.07451	0	0	0	0	0	0	0	0	0	0	0	0	0	0	0	0	0	0	0	0	0	0	
0	0	0	0	0.1098	0.1098	0	0.21961	0	0	0	0	0	0	0	0	0	0	0	0	0	0	0	0	0	0	0	0	0	0	
0	0	0	0	0.15294	0.066667	0	0.031373	0.18431	0	0	0	0	0	0	0	0	0	0	0	0	0	0	0	0	0	0	0	0	0	
0	0	0	0	0.21961	0	0	0	0.1451	0.07451	0	0	0	0	0	0	0	0	0	0	0	0	0	0	0	0	0	0	0	0	
0	0	0	0	0.21961	0	0	0	0	0.20392	0.015686	0	0	0	0	0	0	0	0	0	0	0	0	0	0	0	0	0	0	0	
0	0	0	0	0.21961	0	0	0	0	0	0.20392	0.015686	0	0	0	0	0	0	0	0	0	0	0	0	0	0	0	0	0	0	
0	0	0	0.15294	0.066667	0	0	0	0	0	0.0078431	0.21176	0	0	0	0	0	0	0	0	0	0	0	0	0	0	0	0	0	0	
0	0	0	0.21961	0	0	0	0	0	0	0	0.05098	0.16863	0	0	0	0	0	0	0	0	0	0	0	0	0	0	0	0	0	
0	0	0	0.21961	0	0	0	0	0	0	0	0	0.17647	0.039216	0	0	0	0	0	0	0	0	0	0	0	0	0	0	0	0	
0	0	0.07451	0.1451	0	0	0	0	0	0	0	0	0.0078431	0.21176	0	0	0	0	0	0	0	0	0	0	0	0	0	0	0	0	
0	0	0.21961	0	0	0	0	0	0	0	0	0	0	0	0.21176	0.0078431	0	0	0	0	0	0	0	0	0	0	0	0	0	0	
0	0	0.21961	0	0	0	0	0	0	0	0	0	0	0	0.015686	0.20392	0	0	0	0	0	0	0	0	0	0	0	0	0	0	
0	0.10196	0.11765	0	0	0	0	0	0	0	0	0	0	0	0	0.21961	0	0	0	0	0	0	0	0	0	0	0	0	0	0	
0.1451	0.12549	0	0	0	0	0	0	0	0	0	0	0	0	0.082353	0.13333	0	0	0	0	0	0	0	0	0	0	0	0	0	0	
0.21961	0	0	0	0	0	0	0	0	0	0	0	0	0	0.20392	0.015686	0	0	0	0	0	0	0	0	0	0	0	0	0	0	
0.039216	0.22745	0	0	0	0	0	0	0	0	0	0	0	0	0.21961	0	0	0	0	0	0	0	0	0	0	0	0	0	0	0	
0	0	0.22745	0.1098	0	0	0	0	0	0	0	0	0	0.21961	0	0	0	0	0	0	0	0	0	0	0	0	0	0	0	0	
0	0	0	0.11765	0.13333	0	0	0	0	0	0	0	0.058824	0.16078	0	0	0	0	0	0	0	0	0	0	0	0	0	0	0	0	
0	0	0	0	0.090196	0.17647	0	0	0	0	0	0	0.21961	0	0	0	0	0	0	0	0	0	0	0	0	0	0	0	0	0	
0	0	0	0	0	0.05098	0.21961	0	0	0	0	0.015686	0.20392	0	0	0	0	0	0	0	0	0	0	0	0	0	0	0	0	0	
0	0	0	0	0	0	0.1098	0.1098	0	0	0	0.21961	0	0	0	0	0	0	0	0	0	0	0	0	0	0	0	0	0	0	
0	0	0	0	0	0	0	0.11765	0.10196	0	0	0.21961	0	0	0	0	0	0	0	0	0	0	0	0	0	0	0	0	0	0	
0	0	0	0	0	0	0	0	0.17647	0.039216	0.11765	0.10196	0	0	0	0	0	0	0	0	0	0	0	0	0	0	0	0	0	0	
0	0	0	0	0	0	0	0	0	0.21961	0.21961	0	0	0	0	0	0	0	0	0	0	0	0	0	0	0	0	0	0	0	
0	0	0	0	0	0	0	0	0	0.066667	0.21961	0	0	0	0	0	0	0	0	0	0	0	0	0	0	0	0	0	0	0	
0	0	0	0	0	0	0	0	0	0.21961	0.21961	0	0	0	0	0	0	0	0	0	0	0	0	0	0	0	0	0	0	0	
0	0	0	0	0	0	0	0	0	0.082353	0.21961	0	0	0	0	0	0	0	0	0	0	0	0	0	0	0	0	0	0	0	
0	0	0	0	0	0	0	0	0	0	0.066667	0	0	0	0	0	0	0	0	0	0	0	0	0	0	0	0	0	0	0	

1
1
30		30
1
441	336
399	213
464	336
1
438	332
81
441	336
442	335
442	334
442	333
442	331
442	330
442	328
441	324
440	323
438	321
437	318
435	316
434	314
431	311
429	309
426	306
424	302
419	299
414	294
410	291
405	288
402	286
400	284
399	283
399	280
399	279
400	276
401	275
402	275
403	274
404	273
405	272
406	271
406	267
407	264
410	259
412	253
413	248
415	243
416	238
417	233
418	229
418	228
418	225
418	222
419	220
419	219
419	217
419	214
421	213
424	215
427	220
429	225
433	229
437	235
440	239
445	244
449	249
452	252
455	258
457	260
460	263
463	266
464	267
464	270
464	273
464	275
463	279
462	283
458	289
456	293
453	297
451	302
448	308
447	312
444	318
442	323
441	326
439	329
438	331
438	332



7
3
30	30
0	0	0	0	0	0	0	0.066667	0	0	0	0	0	0	0	0	0	0	0	0	0	0	0	0	0	0	0	0	0	0	
0	0	0	0	0	0	0	0.26667	0.082353	0	0	0	0	0	0	0	0	0	0	0	0	0	0	0	0	0	0	0	0	0	
0	0	0	0	0	0	0	0.21569	0.21569	0	0	0	0	0	0	0	0	0	0	0	0	0	0	0	0	0	0	0	0	0	
0	0	0	0	0	0	0.062745	0.15294	0.10588	0.1098	0	0	0	0	0	0	0	0	0	0	0	0	0	0	0	0	0	0	0	0	
0	0	0	0	0	0	0.20784	0.0078431	0	0.21569	0	0	0	0	0	0	0	0	0	0	0	0	0	0	0	0	0	0	0	0	
0	0	0	0	0	0	0.21569	0	0	0.078431	0.13725	0	0	0	0	0	0	0	0	0	0	0	0	0	0	0	0	0	0	0	
0	0	0	0	0	0.10196	0.11373	0	0	0	0.21569	0	0	0	0	0	0	0	0	0	0	0	0	0	0	0	0	0	0	0	
0	0	0	0	0	0.21569	0	0	0	0	0.14118	0.07451	0	0	0	0	0	0	0	0	0	0	0	0	0	0	0	0	0	0	
0	0	0	0	0.039216	0.17647	0	0	0	0	0	0.21569	0	0	0	0	0	0	0	0	0	0	0	0	0	0	0	0	0	0	
0	0	0	0	0.20784	0.0078431	0	0	0	0	0	0.035294	0.18039	0	0	0	0	0	0	0	0	0	0	0	0	0	0	0	0	0	
0	0	0	0.019608	0.19608	0	0	0	0	0	0	0	0.21569	0	0	0	0	0	0	0	0	0	0	0	0	0	0	0	0	0	
0	0	0	0.20392	0.011765	0	0	0	0	0	0	0	0.082353	0.13333	0	0	0	0	0	0	0	0	0	0	0	0	0	0	0	0	
0	0	0	0.21569	0	0	0	0	0	0	0	0	0	0.1451	0.070588	0	0	0	0	0	0	0	0	0	0	0	0	0	0	0	
0	0	0.15294	0.062745	0	0	0	0	0	0	0	0	0	0	0.21569	0	0	0	0	0	0	0	0	0	0	0	0	0	0	0	
0	0.011765	0.20392	0	0	0	0	0	0	0	0	0	0	0	0.035294	0.17647	0	0	0	0	0	0	0	0	0	0	0	0	0	0	
0	0.21569	0	0	0	0	0	0	0	0	0	0	0	0	0.18824	0.027451	0	0	0	0	0	0	0	0	0	0	0	0	0	0	
0.090196	0.12549	0	0	0	0	0	0	0	0	0	0	0	0	0.21569	0	0	0	0	0	0	0	0	0	0	0	0	0	0	0	
0.21569	0	0	0	0	0	0	0	0	0	0	0	0	0.19216	0.019608	0	0	0	0	0	0	0	0	0	0	0	0	0	0	0	
0.078431	0.15686	0	0	0	0	0	0	0	0	0	0	0.082353	0.13333	0	0	0	0	0	0	0	0	0	0	0	0	0	0	0	0	
0	0.070588	0.21569	0.043137	0	0	0	0	0	0	0	0	0.21569	0	0	0	0	0	0	0	0	0	0	0	0	0	0	0	0	0	
0	0	0.0078431	0.18431	0.035294	0	0	0	0	0	0	0.13725	0.078431	0	0	0	0	0	0	0	0	0	0	0	0	0	0	0	0	0	
0	0	0	0	0.19216	0.12549	0	0	0	0	0.07451	0.14118	0	0	0	0	0	0	0	0	0	0	0	0	0	0	0	0	0	0	
0	0	0	0	0	0.10196	0.16471	0	0	0	0.21569	0	0	0	0	0	0	0	0	0	0	0	0	0	0	0	0	0	0	0	
0	0	0	0	0	0	0.16471	0.05098	0	0.18039	0.035294	0	0	0	0	0	0	0	0	0	0	0	0	0	0	0	0	0	0	0	
0	0	0	0	0	0	0	0.18431	0.031373	0.21569	0	0	0	0	0	0	0	0	0	0	0	0	0	0	0	0	0	0	0	0	
0	0	0	0	0	0	0	0.015686	0.35294	0.031373	0	0	0	0	0	0	0	0	0	0	0	0	0	0	0	0	0	0	0	0	
0	0	0	0	0	0	0	0	0.36863	0	0	0	0	0	0	0	0	0	0	0	0	0	0	0	0	0	0	0	0	0	
0	0	0	0	0	0	0	0.066667	0.14902	0	0	0	0	0	0	0	0	0	0	0	0	0	0	0	0	0	0	0	0	0	
0	0	0	0	0	0	0	0.21569	0	0	0	0	0	0	0	0	0	0	0	0	0	0	0	0	0	0	0	0	0	0	
0	0	0	0	0	0	0	0.066667	0	0	0	0	0	0	0	0	0	0	0	0	0	0	0	0	0	0	0	0	0	0	

1
1
30		30
1
517	695
480	583
546	706
1
509	706
61
517	695
517	693
513	687
509	683
505	677
500	674
494	669
489	665
484	662
482	660
481	659
480	658
481	652
485	646
490	638
494	630
498	621
502	613
505	606
508	599
509	595
511	590
512	587
512	585
512	583
514	588
518	595
523	604
527	613
532	620
535	627
538	632
541	635
541	636
542	638
543	639
544	640
545	641
546	642
546	644
544	647
541	653
538	658
534	663
532	667
528	672
525	677
522	680
521	682
519	685
519	687
518	688
517	689
516	691
516	692
516	695
514	698
512	702
511	703
510	705
509	706



7
3
30	30
0	0	0	0	0	0	0	0	0	0	0	0.098039	0.18431	0.21176	0.21176	0.21176	0.21176	0.21176	0.20784	0.047059	0	0	0	0	0	0	0	0	0	0	
0	0	0	0	0	0	0.015686	0.12549	0.21176	0.21176	0.21176	0.11373	0.027451	0	0	0	0	0	0.0039216	0.16078	0.21176	0.21176	0.066667	0	0	0	0	0	0	0	
0	0	0	0.1098	0.21176	0.21176	0.19216	0.086275	0	0	0	0	0	0	0	0	0	0	0	0	0	0	0.1451	0.19216	0	0	0	0	0	0	
0	0.070588	0.21176	0.10196	0	0	0	0	0	0	0	0	0	0	0	0	0	0	0	0	0	0	0	0.015686	0.21176	0.07451	0	0	0	0	
0.13333	0.14118	0	0	0	0	0	0	0	0	0	0	0	0	0	0	0	0	0	0	0	0	0	0	0	0.18039	0.031373	0	0	0	
0.21569	0	0	0	0	0	0	0	0	0	0	0	0	0	0	0	0	0	0	0	0	0	0	0	0	0	0.22353	0.035294	0.1098	0.07451	
0.027451	0.18824	0	0	0	0	0	0	0	0	0	0	0	0	0	0	0	0	0	0	0	0	0	0	0	0	0	0.20784	0.23922	0	
0	0.023529	0.21176	0.039216	0	0	0	0	0	0	0	0	0	0	0	0	0	0	0	0	0	0	0	0	0	0.043137	0.21176	0.1451	0	0	
0	0	0	0.17255	0.11765	0	0	0	0	0	0	0	0	0	0	0	0	0	0	0	0	0	0	0	0.18431	0.16863	0	0	0	0	
0	0	0	0	0.090196	0.21176	0.078431	0	0	0	0	0	0	0	0	0	0	0	0	0	0	0	0.1451	0.21176	0.027451	0	0	0	0	0	
0	0	0	0	0	0	0.13333	0.18824	0	0	0	0	0	0	0	0	0	0	0	0	0.043137	0.21176	0.066667	0	0	0	0	0	0	0	
0	0	0	0	0	0	0	0.023529	0.19216	0	0	0	0	0	0	0	0	0	0.015686	0.21176	0.16863	0	0	0	0	0	0	0	0	0	
0	0	0	0	0	0	0	0	0.015686	0.21176	0.07451	0	0	0	0	0	0.070588	0.21176	0.19216	0	0	0	0	0	0	0	0	0	0	0	
0	0	0	0	0	0	0	0	0	0	0.18039	0.078431	0	0.0039216	0.10196	0.21176	0.14118	0	0	0	0	0	0	0	0	0	0	0	0	0	
0	0	0	0	0	0	0	0	0	0	0	0.13333	0.21176	0.20784	0.1098	0	0	0	0	0	0	0	0	0	0	0	0	0	0	0	
0	0	0	0	0	0	0	0	0	0	0	0	0	0	0	0	0	0	0	0	0	0	0	0	0	0	0	0	0	0	
0	0	0	0	0	0	0	0	0	0	0	0	0	0	0	0	0	0	0	0	0	0	0	0	0	0	0	0	0	0	
0	0	0	0	0	0	0	0	0	0	0	0	0	0	0	0	0	0	0	0	0	0	0	0	0	0	0	0	0	0	
0	0	0	0	0	0	0	0	0	0	0	0	0	0	0	0	0	0	0	0	0	0	0	0	0	0	0	0	0	0	
0	0	0	0	0	0	0	0	0	0	0	0	0	0	0	0	0	0	0	0	0	0	0	0	0	0	0	0	0	0	
0	0	0	0	0	0	0	0	0	0	0	0	0	0	0	0	0	0	0	0	0	0	0	0	0	0	0	0	0	0	
0	0	0	0	0	0	0	0	0	0	0	0	0	0	0	0	0	0	0	0	0	0	0	0	0	0	0	0	0	0	
0	0	0	0	0	0	0	0	0	0	0	0	0	0	0	0	0	0	0	0	0	0	0	0	0	0	0	0	0	0	
0	0	0	0	0	0	0	0	0	0	0	0	0	0	0	0	0	0	0	0	0	0	0	0	0	0	0	0	0	0	
0	0	0	0	0	0	0	0	0	0	0	0	0	0	0	0	0	0	0	0	0	0	0	0	0	0	0	0	0	0	
0	0	0	0	0	0	0	0	0	0	0	0	0	0	0	0	0	0	0	0	0	0	0	0	0	0	0	0	0	0	
0	0	0	0	0	0	0	0	0	0	0	0	0	0	0	0	0	0	0	0	0	0	0	0	0	0	0	0	0	0	
0	0	0	0	0	0	0	0	0	0	0	0	0	0	0	0	0	0	0	0	0	0	0	0	0	0	0	0	0	0	
0	0	0	0	0	0	0	0	0	0	0	0	0	0	0	0	0	0	0	0	0	0	0	0	0	0	0	0	0	0	
0	0	0	0	0	0	0	0	0	0	0	0	0	0	0	0	0	0	0	0	0	0	0	0	0	0	0	0	0	0	

1
1
30		30
1
421	625
294	597
425	660
1
425	618
62
421	625
419	625
417	623
414	621
411	617
407	612
402	609
397	605
391	602
385	600
380	599
376	597
374	597
367	597
358	597
347	598
334	601
321	604
311	606
304	609
299	612
295	614
294	615
294	618
294	620
295	622
298	625
302	629
308	633
313	637
319	640
326	644
329	647
333	651
337	653
339	656
341	658
343	659
344	660
346	660
349	660
354	660
358	659
364	656
370	653
377	650
384	647
391	642
398	638
403	635
408	632
411	630
414	629
415	629
416	628
417	627
418	626
420	624
422	622
423	620
424	619
425	618



7
3
30	30
0	0	0	0	0	0	0	0.12549	0	0	0	0	0	0	0	0	0	0	0	0	0	0	0	0	0	0	0	0	0	0	
0	0	0	0	0	0	0.12549	0.1098	0.12549	0	0	0	0	0	0	0	0	0	0	0	0	0	0	0	0	0	0	0	0	0	
0	0	0	0	0	0	0.18039	0	0.090196	0.086275	0	0	0	0	0	0	0	0	0	0	0	0	0	0	0	0	0	0	0	0	
0	0	0	0	0	0	0.18039	0	0	0.12941	0.047059	0	0	0	0	0	0	0	0	0	0	0	0	0	0	0	0	0	0	0	
0	0	0	0	0	0.16078	0.015686	0	0	0	0.13333	0.043137	0	0	0	0	0	0	0	0	0	0	0	0	0	0	0	0	0	0	
0	0	0	0	0	0.18039	0	0	0	0	0	0.17255	0.0039216	0	0	0	0	0	0	0	0	0	0	0	0	0	0	0	0	0	
0	0	0	0	0.13725	0.043137	0	0	0	0	0	0	0.16863	0.0078431	0	0	0	0	0	0	0	0	0	0	0	0	0	0	0	0	
0	0	0	0	0.18039	0	0	0	0	0	0	0	0.0039216	0.17255	0	0	0	0	0	0	0	0	0	0	0	0	0	0	0	0	
0	0	0	0.1451	0.035294	0	0	0	0	0	0	0	0	0	0.18431	0.023529	0	0	0	0	0	0	0	0	0	0	0	0	0	0	
0	0	0.090196	0.090196	0	0	0	0	0	0	0	0	0	0	0	0.15686	0.078431	0	0	0	0	0	0	0	0	0	0	0	0	0	
0	0	0.18039	0	0	0	0	0	0	0	0	0	0	0	0	0	0.10588	0.082353	0	0	0	0	0	0	0	0	0	0	0	0	
0	0.18039	0	0	0	0	0	0	0	0	0	0	0	0	0	0	0	0.098039	0.11373	0	0	0	0	0	0	0	0	0	0	0	
0.090196	0.086275	0	0	0	0	0	0	0	0	0	0	0	0	0	0	0	0	0.070588	0.17647	0	0	0	0	0	0	0	0	0	0	
0.18039	0	0	0	0	0	0	0	0	0	0	0	0	0	0	0	0	0	0	0.17647	0	0	0	0	0	0	0	0	0	0	
0.12941	0.047059	0	0	0	0	0	0	0	0	0	0	0	0	0	0	0	0	0.14902	0.031373	0	0	0	0	0	0	0	0	0	0	
0	0.18039	0	0	0	0	0	0	0	0	0	0	0	0	0	0	0	0	0.18039	0	0	0	0	0	0	0	0	0	0	0	
0	0.035294	0.14118	0	0	0	0	0	0	0	0	0	0	0	0	0	0	0.17647	0.0039216	0	0	0	0	0	0	0	0	0	0	0	
0	0	0.18039	0	0	0	0	0	0	0	0	0	0	0	0	0	0.05098	0.12549	0	0	0	0	0	0	0	0	0	0	0	0	
0	0	0.098039	0.082353	0	0	0	0	0	0	0	0	0	0	0	0	0.18039	0	0	0	0	0	0	0	0	0	0	0	0	0	
0	0	0	0.16863	0.0078431	0	0	0	0	0	0	0	0	0	0	0.0078431	0.16863	0	0	0	0	0	0	0	0	0	0	0	0	0	
0	0	0	0	0.18039	0	0	0	0	0	0	0	0	0	0	0.18039	0	0	0	0	0	0	0	0	0	0	0	0	0	0	
0	0	0	0	0.058824	0.11765	0	0	0	0	0	0	0	0	0.031373	0.1451	0	0	0	0	0	0	0	0	0	0	0	0	0	0	
0	0	0	0	0	0.12941	0.047059	0	0	0	0	0	0	0	0.16471	0.015686	0	0	0	0	0	0	0	0	0	0	0	0	0	0	
0	0	0	0	0	0	0.18039	0	0	0	0	0	0	0	0.18039	0	0	0	0	0	0	0	0	0	0	0	0	0	0	0	
0	0	0	0	0	0	0.054902	0.12157	0	0	0	0	0	0.10588	0.07451	0	0	0	0	0	0	0	0	0	0	0	0	0	0	0	
0	0	0	0	0	0	0	0.12941	0.05098	0	0	0	0	0.18039	0	0	0	0	0	0	0	0	0	0	0	0	0	0	0	0	
0	0	0	0	0	0	0	0	0.18039	0	0	0	0	0.18039	0	0	0	0	0	0	0	0	0	0	0	0	0	0	0	0	
0	0	0	0	0	0	0	0	0.019608	0.16078	0	0	0.16078	0.019608	0	0	0	0	0	0	0	0	0	0	0	0	0	0	0	0	
0	0	0	0	0	0	0	0	0	0.15686	0.019608	0.019608	0.15686	0	0	0	0	0	0	0	0	0	0	0	0	0	0	0	0	0	
0	0	0	0	0	0	0	0	0	0	0.1451	0.078431	0	0	0	0	0	0	0	0	0	0	0	0	0	0	0	0	0	0	

1
1
30		30
1
293	335
237	182
340	336
1
297	336
70
293	335
292	336
290	335
288	333
285	327
282	322
277	316
272	309
267	301
261	293
255	285
249	276
246	268
241	260
238	256
237	253
237	249
243	240
250	230
256	222
262	211
266	203
269	195
271	190
272	186
274	182
276	184
281	189
286	196
294	204
302	213
310	221
319	229
326	234
331	239
335	242
337	244
339	244
340	245
340	251
337	257
333	264
327	274
324	281
321	288
318	292
316	297
315	299
313	302
313	305
312	306
312	308
311	309
310	310
310	311
309	312
309	315
308	316
307	317
307	318
306	321
306	323
304	326
304	327
303	329
301	331
300	332
300	333
298	335
297	336



7
3
30	30
0	0	0	0	0	0	0	0	0	0	0	0	0	0	0	0	0	0.18039	0.19216	0.17255	0.0078431	0	0	0	0	0	0	0	0	0	
0	0	0	0	0	0	0	0	0	0	0	0	0	0	0	0.039216	0.19216	0.011765	0	0.019608	0.18039	0.19216	0.082353	0.019608	0	0	0	0	0	0	
0	0	0	0	0	0	0	0	0	0	0	0	0	0.019608	0.18039	0.15294	0	0	0	0	0	0	0.10588	0.17255	0.13725	0	0	0	0	0	
0	0	0	0	0	0	0	0	0	0	0	0	0.14902	0.17255	0.011765	0	0	0	0	0	0	0	0	0	0.054902	0.19216	0.13725	0	0	0	
0	0	0	0	0	0	0	0	0	0.0078431	0.16863	0.19216	0.039216	0	0	0	0	0	0	0	0	0	0	0	0	0	0.054902	0.19216	0.18039	0.023529	
0	0	0	0	0	0	0	0.094118	0.18431	0.18431	0.023529	0	0	0	0	0	0	0	0	0	0	0	0	0	0	0	0	0	0.011765	0.05098	
0	0	0	0	0.039216	0.18824	0.19216	0.098039	0.0039216	0	0	0	0	0	0	0	0	0	0	0	0	0	0	0	0	0	0	0	0.10588	0.039216	
0	0.078431	0.19216	0.19216	0.15294	0.0039216	0	0	0	0	0	0	0	0	0	0	0	0	0	0	0	0	0	0	0	0	0	0	0.19216	0	
0.16078	0.11373	0	0	0	0	0	0	0	0	0	0	0	0	0	0	0	0	0	0	0	0	0	0	0	0	0	0	0.19608	0	
0.07451	0.12941	0	0	0	0	0	0	0	0	0	0	0	0	0	0	0	0	0	0	0	0	0	0	0	0	0.0078431	0.10196	0.14902	0	
0	0.098039	0.19216	0.047059	0	0	0	0	0	0	0	0	0	0	0	0	0	0	0	0	0	0	0	0	0.011765	0.16471	0.18431	0.086275	0	0	
0	0	0	0.1451	0.16863	0.015686	0	0	0	0	0	0	0	0	0	0	0	0	0	0	0	0	0.031373	0.18824	0.18039	0.027451	0	0	0	0	
0	0	0	0	0.019608	0.17647	0.19216	0.12549	0	0	0	0	0	0	0	0	0	0	0	0	0.07451	0.19216	0.16078	0.0039216	0	0	0	0	0	0	
0	0	0	0	0	0	0	0.066667	0.19216	0.19216	0.18039	0.047059	0	0	0	0	0	0.015686	0.18039	0.19216	0.11765	0	0	0	0	0	0	0	0	0	
0	0	0	0	0	0	0	0	0	0	0.011765	0.1451	0.19216	0.094118	0	0.082353	0.18431	0.17647	0.011765	0	0	0	0	0	0	0	0	0	0	0	
0	0	0	0	0	0	0	0	0	0	0	0	0	0.098039	0.19216	0.10588	0.0039216	0	0	0	0	0	0	0	0	0	0	0	0	0	
0	0	0	0	0	0	0	0	0	0	0	0	0	0	0	0	0	0	0	0	0	0	0	0	0	0	0	0	0	0	
0	0	0	0	0	0	0	0	0	0	0	0	0	0	0	0	0	0	0	0	0	0	0	0	0	0	0	0	0	0	
0	0	0	0	0	0	0	0	0	0	0	0	0	0	0	0	0	0	0	0	0	0	0	0	0	0	0	0	0	0	
0	0	0	0	0	0	0	0	0	0	0	0	0	0	0	0	0	0	0	0	0	0	0	0	0	0	0	0	0	0	
0	0	0	0	0	0	0	0	0	0	0	0	0	0	0	0	0	0	0	0	0	0	0	0	0	0	0	0	0	0	
0	0	0	0	0	0	0	0	0	0	0	0	0	0	0	0	0	0	0	0	0	0	0	0	0	0	0	0	0	0	
0	0	0	0	0	0	0	0	0	0	0	0	0	0	0	0	0	0	0	0	0	0	0	0	0	0	0	0	0	0	
0	0	0	0	0	0	0	0	0	0	0	0	0	0	0	0	0	0	0	0	0	0	0	0	0	0	0	0	0	0	
0	0	0	0	0	0	0	0	0	0	0	0	0	0	0	0	0	0	0	0	0	0	0	0	0	0	0	0	0	0	
0	0	0	0	0	0	0	0	0	0	0	0	0	0	0	0	0	0	0	0	0	0	0	0	0	0	0	0	0	0	
0	0	0	0	0	0	0	0	0	0	0	0	0	0	0	0	0	0	0	0	0	0	0	0	0	0	0	0	0	0	
0	0	0	0	0	0	0	0	0	0	0	0	0	0	0	0	0	0	0	0	0	0	0	0	0	0	0	0	0	0	
0	0	0	0	0	0	0	0	0	0	0	0	0	0	0	0	0	0	0	0	0	0	0	0	0	0	0	0	0	0	
0	0	0	0	0	0	0	0	0	0	0	0	0	0	0	0	0	0	0	0	0	0	0	0	0	0	0	0	0	0	

1
1
30		30
1
715	210
571	187
715	262
1
714	216
62
715	210
709	207
706	206
701	204
696	202
690	198
686	195
680	194
674	191
668	189
664	188
661	188
658	187
655	188
649	193
640	198
628	205
617	210
608	214
598	217
587	222
580	223
573	226
572	226
571	228
574	234
578	237
584	240
589	244
597	247
604	250
612	252
618	253
622	255
625	256
629	257
632	259
633	259
635	260
636	261
637	262
642	262
649	260
659	255
670	251
681	246
691	242
699	237
706	235
709	233
710	232
712	230
712	229
712	228
712	226
712	225
712	223
713	221
713	220
713	219
713	217
714	216



7
3
30	30
0	0	0	0	0	0	0	0.07451	0.23529	0.0078431	0	0	0	0	0	0	0	0	0	0	0	0	0	0	0	0	0	0	0	0	
0	0	0	0	0	0	0	0.20392	0.0039216	0.19608	0	0	0	0	0	0	0	0	0	0	0	0	0	0	0	0	0	0	0	0	
0	0	0	0	0	0	0.070588	0.12941	0	0.07451	0.12549	0	0	0	0	0	0	0	0	0	0	0	0	0	0	0	0	0	0	0	
0	0	0	0	0	0	0.20392	0	0	0	0.17255	0.027451	0	0	0	0	0	0	0	0	0	0	0	0	0	0	0	0	0	0	
0	0	0	0	0	0.019608	0.18039	0	0	0	0	0.20392	0	0	0	0	0	0	0	0	0	0	0	0	0	0	0	0	0	0	
0	0	0	0	0	0.17647	0.023529	0	0	0	0	0.11765	0.082353	0	0	0	0	0	0	0	0	0	0	0	0	0	0	0	0	0	
0	0	0	0	0	0.20392	0	0	0	0	0	0	0.20392	0	0	0	0	0	0	0	0	0	0	0	0	0	0	0	0	0	
0	0	0	0	0.058824	0.14118	0	0	0	0	0	0	0.20392	0	0	0	0	0	0	0	0	0	0	0	0	0	0	0	0	0	
0	0	0	0	0.20392	0	0	0	0	0	0	0	0.13725	0.062745	0	0	0	0	0	0	0	0	0	0	0	0	0	0	0	0	
0	0	0	0.054902	0.1451	0	0	0	0	0	0	0	0.0078431	0.19608	0	0	0	0	0	0	0	0	0	0	0	0	0	0	0	0	
0	0	0	0.20392	0	0	0	0	0	0	0	0	0	0.20392	0	0	0	0	0	0	0	0	0	0	0	0	0	0	0	0	
0	0	0	0.20392	0	0	0	0	0	0	0	0	0	0.17255	0.031373	0	0	0	0	0	0	0	0	0	0	0	0	0	0	0	
0	0	0.17255	0.031373	0	0	0	0	0	0	0	0	0	0.05098	0.15294	0	0	0	0	0	0	0	0	0	0	0	0	0	0	0	
0	0.019608	0.18039	0	0	0	0	0	0	0	0	0	0	0	0.2	0	0	0	0	0	0	0	0	0	0	0	0	0	0	0	
0	0.2	0	0	0	0	0	0	0	0	0	0	0	0	0.20392	0	0	0	0	0	0	0	0	0	0	0	0	0	0	0	
0.12941	0.070588	0	0	0	0	0	0	0	0	0	0	0	0	0.078431	0.12157	0	0	0	0	0	0	0	0	0	0	0	0	0	0	
0.20392	0	0	0	0	0	0	0	0	0	0	0	0	0	0	0.2	0	0	0	0	0	0	0	0	0	0	0	0	0	0	
0.20392	0	0	0	0	0	0	0	0	0	0	0	0	0	0.086275	0.11373	0	0	0	0	0	0	0	0	0	0	0	0	0	0	
0.035294	0.16471	0	0	0	0	0	0	0	0	0	0	0	0.0078431	0.19608	0	0	0	0	0	0	0	0	0	0	0	0	0	0	0	
0	0.16471	0.035294	0	0	0	0	0	0	0	0	0	0	0.19608	0.0039216	0	0	0	0	0	0	0	0	0	0	0	0	0	0	0	
0	0	0.19608	0.0078431	0	0	0	0	0	0	0	0	0.094118	0.10588	0	0	0	0	0	0	0	0	0	0	0	0	0	0	0	0	
0	0	0.039216	0.16471	0	0	0	0	0	0	0	0	0.20392	0	0	0	0	0	0	0	0	0	0	0	0	0	0	0	0	0	
0	0	0	0.15686	0.043137	0	0	0	0	0	0	0.1098	0.090196	0	0	0	0	0	0	0	0	0	0	0	0	0	0	0	0	0	
0	0	0	0.015686	0.18431	0	0	0	0	0	0	0.20392	0	0	0	0	0	0	0	0	0	0	0	0	0	0	0	0	0	0	
0	0	0	0	0.14118	0.058824	0	0	0	0	0.12941	0.070588	0	0	0	0	0	0	0	0	0	0	0	0	0	0	0	0	0	0	
0	0	0	0	0	0.20392	0	0	0	0.019608	0.18039	0	0	0	0	0	0	0	0	0	0	0	0	0	0	0	0	0	0	0	
0	0	0	0	0	0.07451	0.12549	0	0	0.2	0	0	0	0	0	0	0	0	0	0	0	0	0	0	0	0	0	0	0	0	
0	0	0	0	0	0	0.15294	0.05098	0.12549	0.078431	0	0	0	0	0	0	0	0	0	0	0	0	0	0	0	0	0	0	0	0	
0	0	0	0	0	0	0	0.1098	0.20392	0	0	0	0	0	0	0	0	0	0	0	0	0	0	0	0	0	0	0	0	0	
0	0	0	0	0	0	0	0	0.07451	0	0	0	0	0	0	0	0	0	0	0	0	0	0	0	0	0	0	0	0	0	

1
1
30		30
1
658	443
624	309
695	447
1
660	447
54
658	443
655	440
651	435
648	429
642	420
638	411
633	405
628	398
627	396
624	391
624	390
624	384
626	379
632	371
637	361
641	351
647	339
650	330
653	322
656	316
656	313
658	310
660	309
661	309
663	309
664	309
666	312
668	314
671	320
676	326
680	334
683	343
686	354
689	363
691	374
694	380
695	384
695	386
695	389
693	392
691	395
688	398
687	401
684	405
682	409
681	412
678	416
674	424
670	430
666	435
664	440
661	444
660	446
660	447



7
3
30	30
0	0	0	0	0	0	0	0	0	0	0	0.1451	0.15294	0	0	0	0	0	0	0	0	0	0	0	0	0	0	0	0	0	
0	0	0	0	0	0	0	0	0	0.035294	0.20784	0.058824	0.05098	0.20784	0.20784	0.20784	0.2	0.035294	0	0	0	0	0	0	0	0	0	0	0	0	
0	0	0	0	0	0	0	0	0.082353	0.16863	0	0	0	0	0	0	0.0078431	0.17255	0.20784	0.20784	0.20784	0.20784	0.14902	0.062745	0.062745	0.062745	0.062745	0.054902	0	0	
0	0	0	0	0	0	0	0.12941	0.12157	0	0	0	0	0	0	0	0	0	0	0	0	0	0.054902	0.1451	0.1451	0.1451	0.1451	0.14902	0.29804	0.07451	
0	0	0	0	0	0.054902	0.20784	0.07451	0	0	0	0	0	0	0	0	0	0	0	0	0	0	0	0	0	0	0	0.19216	0.10588	0	
0	0	0	0	0.098039	0.15294	0	0	0	0	0	0	0	0	0	0	0	0	0	0	0	0	0	0	0	0.054902	0.20784	0.011765	0	0	
0	0	0.019608	0.18431	0.10588	0	0	0	0	0	0	0	0	0	0	0	0	0	0	0	0	0	0	0	0.11765	0.14902	0	0	0	0	
0	0.070588	0.18824	0.019608	0	0	0	0	0	0	0	0	0	0	0	0	0	0	0	0	0	0	0.011765	0.20392	0.086275	0	0	0	0	0	
0.070588	0.13725	0	0	0	0	0	0	0	0	0	0	0	0	0	0	0	0	0	0	0	0.13333	0.19608	0.0039216	0	0	0	0	0	0	
0.047059	0	0	0	0	0	0	0	0	0	0	0	0	0	0	0	0	0	0	0.05098	0.20392	0.070588	0	0	0	0	0	0	0	0	
0	0	0	0	0	0	0	0	0	0	0	0	0	0	0	0	0	0.0039216	0.18824	0.15686	0.0039216	0	0	0	0	0	0	0	0	0	
0	0	0.094118	0.07451	0	0	0	0	0	0	0	0	0	0	0	0	0.07451	0.20392	0.015686	0	0	0	0	0	0	0	0	0	0	0	
0	0	0	0.13333	0.20784	0.20784	0.20784	0.20784	0.20784	0.20784	0.20784	0.20784	0.20784	0.20784	0.20784	0.20784	0.13333	0	0	0	0	0	0	0	0	0	0	0	0	0	
0	0	0	0	0	0	0	0	0	0	0	0	0	0	0	0	0	0	0	0	0	0	0	0	0	0	0	0	0	0	
0	0	0	0	0	0	0	0	0	0	0	0	0	0	0	0	0	0	0	0	0	0	0	0	0	0	0	0	0	0	
0	0	0	0	0	0	0	0	0	0	0	0	0	0	0	0	0	0	0	0	0	0	0	0	0	0	0	0	0	0	
0	0	0	0	0	0	0	0	0	0	0	0	0	0	0	0	0	0	0	0	0	0	0	0	0	0	0	0	0	0	
0	0	0	0	0	0	0	0	0	0	0	0	0	0	0	0	0	0	0	0	0	0	0	0	0	0	0	0	0	0	
0	0	0	0	0	0	0	0	0	0	0	0	0	0	0	0	0	0	0	0	0	0	0	0	0	0	0	0	0	0	
0	0	0	0	0	0	0	0	0	0	0	0	0	0	0	0	0	0	0	0	0	0	0	0	0	0	0	0	0	0	
0	0	0	0	0	0	0	0	0	0	0	0	0	0	0	0	0	0	0	0	0	0	0	0	0	0	0	0	0	0	
0	0	0	0	0	0	0	0	0	0	0	0	0	0	0	0	0	0	0	0	0	0	0	0	0	0	0	0	0	0	
0	0	0	0	0	0	0	0	0	0	0	0	0	0	0	0	0	0	0	0	0	0	0	0	0	0	0	0	0	0	
0	0	0	0	0	0	0	0	0	0	0	0	0	0	0	0	0	0	0	0	0	0	0	0	0	0	0	0	0	0	
0	0	0	0	0	0	0	0	0	0	0	0	0	0	0	0	0	0	0	0	0	0	0	0	0	0	0	0	0	0	
0	0	0	0	0	0	0	0	0	0	0	0	0	0	0	0	0	0	0	0	0	0	0	0	0	0	0	0	0	0	
0	0	0	0	0	0	0	0	0	0	0	0	0	0	0	0	0	0	0	0	0	0	0	0	0	0	0	0	0	0	
0	0	0	0	0	0	0	0	0	0	0	0	0	0	0	0	0	0	0	0	0	0	0	0	0	0	0	0	0	0	
0	0	0	0	0	0	0	0	0	0	0	0	0	0	0	0	0	0	0	0	0	0	0	0	0	0	0	0	0	0	
0	0	0	0	0	0	0	0	0	0	0	0	0	0	0	0	0	0	0	0	0	0	0	0	0	0	0	0	0	0	

1
1
30		30
1
631	582
631	542
766	597
1
640	594
59
631	582
633	579
638	575
645	570
651	566
657	561
664	557
668	553
673	549
677	546
680	544
682	543
683	542
684	542
686	543
689	544
691	544
696	544
700	546
706	547
712	550
719	552
727	552
735	553
742	553
748	553
753	553
756	553
757	553
759	553
761	555
762	555
763	555
765	555
766	555
761	559
754	564
746	570
738	576
728	582
719	588
712	592
707	595
705	597
704	597
703	597
701	597
700	597
698	597
693	597
686	597
679	597
670	597
661	597
653	597
647	597
643	596
641	594
640	594



7
3
30	30
0	0	0	0	0	0	0	0	0	0	0	0	0	0.098039	0.12941	0	0	0	0	0	0	0	0	0	0	0	0	0	0	0	
0	0	0	0	0	0	0	0	0	0	0	0.094118	0.11765	0.015686	0.011765	0.11765	0.11765	0.11373	0.0039216	0	0	0	0	0	0	0	0	0	0	0	
0	0	0	0	0	0	0	0	0	0.07451	0.11765	0.019608	0	0	0	0	0	0	0.1098	0.11765	0.098039	0	0	0	0	0	0	0	0	0	
0	0	0	0	0	0	0	0.054902	0.11765	0.039216	0	0	0	0	0	0	0	0	0	0	0.015686	0.11765	0.11765	0.043137	0	0	0	0	0	0	
0	0	0	0	0	0.0078431	0.1098	0.058824	0	0	0	0	0	0	0	0	0	0	0	0	0	0	0	0.070588	0.11765	0.047059	0	0	0	0	
0	0	0	0	0.047059	0.10588	0.0039216	0	0	0	0	0	0	0	0	0	0	0	0	0	0	0	0	0	0	0.066667	0.11765	0.023529	0	0	
0.011765	0	0.035294	0.11765	0.066667	0	0	0	0	0	0	0	0	0	0	0	0	0	0	0	0	0	0	0	0	0	0	0.090196	0.12549	0.12157	
0.1451	0.21961	0.16863	0	0	0	0	0	0	0	0	0	0	0	0	0	0	0	0	0	0	0	0	0	0	0	0	0.090196	0.10588	0.0039216	
0	0	0.023529	0.11765	0.11765	0.11765	0.11765	0.11765	0.11765	0.11765	0.11765	0.11765	0.11765	0.11765	0.11765	0.035294	0	0	0	0	0	0	0	0	0.058824	0.11765	0.11765	0.023529	0	0	
0	0	0	0	0	0	0	0	0	0	0	0	0	0	0	0.078431	0.11765	0.078431	0	0	0	0	0.027451	0.11765	0.054902	0	0	0	0	0	
0	0	0	0	0	0	0	0	0	0	0	0	0	0	0	0	0	0.035294	0.11765	0.011765	0	0.082353	0.086275	0	0	0	0	0	0	0	
0	0	0	0	0	0	0	0	0	0	0	0	0	0	0	0	0	0	0	0.10196	0.11765	0.031373	0	0	0	0	0	0	0	0	
0	0	0	0	0	0	0	0	0	0	0	0	0	0	0	0	0	0	0	0	0	0	0	0	0	0	0	0	0	0	
0	0	0	0	0	0	0	0	0	0	0	0	0	0	0	0	0	0	0	0	0	0	0	0	0	0	0	0	0	0	
0	0	0	0	0	0	0	0	0	0	0	0	0	0	0	0	0	0	0	0	0	0	0	0	0	0	0	0	0	0	
0	0	0	0	0	0	0	0	0	0	0	0	0	0	0	0	0	0	0	0	0	0	0	0	0	0	0	0	0	0	
0	0	0	0	0	0	0	0	0	0	0	0	0	0	0	0	0	0	0	0	0	0	0	0	0	0	0	0	0	0	
0	0	0	0	0	0	0	0	0	0	0	0	0	0	0	0	0	0	0	0	0	0	0	0	0	0	0	0	0	0	
0	0	0	0	0	0	0	0	0	0	0	0	0	0	0	0	0	0	0	0	0	0	0	0	0	0	0	0	0	0	
0	0	0	0	0	0	0	0	0	0	0	0	0	0	0	0	0	0	0	0	0	0	0	0	0	0	0	0	0	0	
0	0	0	0	0	0	0	0	0	0	0	0	0	0	0	0	0	0	0	0	0	0	0	0	0	0	0	0	0	0	
0	0	0	0	0	0	0	0	0	0	0	0	0	0	0	0	0	0	0	0	0	0	0	0	0	0	0	0	0	0	
0	0	0	0	0	0	0	0	0	0	0	0	0	0	0	0	0	0	0	0	0	0	0	0	0	0	0	0	0	0	
0	0	0	0	0	0	0	0	0	0	0	0	0	0	0	0	0	0	0	0	0	0	0	0	0	0	0	0	0	0	
0	0	0	0	0	0	0	0	0	0	0	0	0	0	0	0	0	0	0	0	0	0	0	0	0	0	0	0	0	0	
0	0	0	0	0	0	0	0	0	0	0	0	0	0	0	0	0	0	0	0	0	0	0	0	0	0	0	0	0	0	
0	0	0	0	0	0	0	0	0	0	0	0	0	0	0	0	0	0	0	0	0	0	0	0	0	0	0	0	0	0	
0	0	0	0	0	0	0	0	0	0	0	0	0	0	0	0	0	0	0	0	0	0	0	0	0	0	0	0	0	0	
0	0	0	0	0	0	0	0	0	0	0	0	0	0	0	0	0	0	0	0	0	0	0	0	0	0	0	0	0	0	
0	0	0	0	0	0	0	0	0	0	0	0	0	0	0	0	0	0	0	0	0	0	0	0	0	0	0	0	0	0	

1
1
30		30
1
282	488
282	427
511	522
1
283	486
80
282	488
286	489
298	484
309	479
322	469
336	459
351	450
365	442
378	435
387	429
392	427
392	429
394	431
399	435
405	438
414	439
424	442
435	445
444	450
453	454
463	458
471	462
478	466
486	471
493	475
499	478
503	480
504	480
505	481
507	481
508	481
510	481
511	482
507	483
499	488
492	492
487	495
480	499
473	499
470	501
469	501
466	502
463	505
459	507
456	510
452	511
451	512
450	513
449	514
446	517
445	518
444	519
443	519
442	520
441	521
440	522
439	522
437	522
432	520
427	515
418	509
410	506
401	501
392	498
382	497
371	495
360	494
348	492
337	492
325	492
314	492
306	492
301	492
296	491
293	489
291	488
289	486
286	484
284	483
283	486



7
3
30	30
0	0	0	0	0	0	0	0	0	0	0	0	0	0.035294	0.18431	0.17647	0.023529	0	0	0	0	0	0	0	0	0	0	0	0	0	
0	0	0	0	0	0	0	0	0	0	0	0.027451	0.18431	0.1451	0	0.0039216	0.15686	0.17647	0.027451	0	0	0	0	0	0	0	0	0	0	0	
0	0	0	0	0	0	0	0	0	0.019608	0.11373	0.15294	0	0	0	0	0	0.0039216	0.15294	0.18431	0.027451	0	0	0	0	0	0	0	0	0	
0	0	0	0	0	0	0.12157	0.17647	0.18431	0.16078	0.066667	0	0	0	0	0	0	0	0	0	0.15294	0.16078	0	0	0	0	0	0	0	0	
0	0	0.011765	0.086275	0.18431	0.18431	0.058824	0.0039216	0	0	0	0	0	0	0	0	0	0	0	0	0	0.019608	0.18431	0.14902	0	0	0	0	0	0	
0.062745	0.18431	0.16863	0.094118	0	0	0	0	0	0	0	0	0	0	0	0	0	0	0	0	0	0	0	0.031373	0.18039	0.18431	0.11373	0.015686	0	0	
0.062745	0.15294	0	0	0	0	0	0	0	0	0	0	0	0	0	0	0	0	0	0	0	0	0	0	0	0	0.066667	0.17647	0.36078	0.090196	
0	0.027451	0.18431	0.078431	0	0	0	0	0	0	0	0	0	0	0	0	0	0	0	0	0	0	0	0	0	0.12157	0.18431	0.17255	0.0039216	0	
0	0	0	0.10196	0.18431	0.18431	0.1451	0	0	0	0	0	0	0	0	0	0	0	0	0	0	0.058824	0.16863	0.18431	0.18039	0.058824	0	0	0	0	
0	0	0	0	0	0	0.035294	0.18431	0.18431	0.18431	0.16471	0.027451	0.0039216	0.027451	0.18431	0.18431	0.18431	0.18431	0.18431	0.18431	0.18431	0.12157	0.011765	0	0	0	0	0	0	0	
0	0	0	0	0	0	0	0	0	0	0.015686	0.15294	0.17647	0.14118	0	0	0	0	0	0	0	0	0	0	0	0	0	0	0	0	
0	0	0	0	0	0	0	0	0	0	0	0	0	0.082353	0	0	0	0	0	0	0	0	0	0	0	0	0	0	0	0	
0	0	0	0	0	0	0	0	0	0	0	0	0	0	0	0	0	0	0	0	0	0	0	0	0	0	0	0	0	0	
0	0	0	0	0	0	0	0	0	0	0	0	0	0	0	0	0	0	0	0	0	0	0	0	0	0	0	0	0	0	
0	0	0	0	0	0	0	0	0	0	0	0	0	0	0	0	0	0	0	0	0	0	0	0	0	0	0	0	0	0	
0	0	0	0	0	0	0	0	0	0	0	0	0	0	0	0	0	0	0	0	0	0	0	0	0	0	0	0	0	0	
0	0	0	0	0	0	0	0	0	0	0	0	0	0	0	0	0	0	0	0	0	0	0	0	0	0	0	0	0	0	
0	0	0	0	0	0	0	0	0	0	0	0	0	0	0	0	0	0	0	0	0	0	0	0	0	0	0	0	0	0	
0	0	0	0	0	0	0	0	0	0	0	0	0	0	0	0	0	0	0	0	0	0	0	0	0	0	0	0	0	0	
0	0	0	0	0	0	0	0	0	0	0	0	0	0	0	0	0	0	0	0	0	0	0	0	0	0	0	0	0	0	
0	0	0	0	0	0	0	0	0	0	0	0	0	0	0	0	0	0	0	0	0	0	0	0	0	0	0	0	0	0	
0	0	0	0	0	0	0	0	0	0	0	0	0	0	0	0	0	0	0	0	0	0	0	0	0	0	0	0	0	0	
0	0	0	0	0	0	0	0	0	0	0	0	0	0	0	0	0	0	0	0	0	0	0	0	0	0	0	0	0	0	
0	0	0	0	0	0	0	0	0	0	0	0	0	0	0	0	0	0	0	0	0	0	0	0	0	0	0	0	0	0	
0	0	0	0	0	0	0	0	0	0	0	0	0	0	0	0	0	0	0	0	0	0	0	0	0	0	0	0	0	0	
0	0	0	0	0	0	0	0	0	0	0	0	0	0	0	0	0	0	0	0	0	0	0	0	0	0	0	0	0	0	
0	0	0	0	0	0	0	0	0	0	0	0	0	0	0	0	0	0	0	0	0	0	0	0	0	0	0	0	0	0	
0	0	0	0	0	0	0	0	0	0	0	0	0	0	0	0	0	0	0	0	0	0	0	0	0	0	0	0	0	0	
0	0	0	0	0	0	0	0	0	0	0	0	0	0	0	0	0	0	0	0	0	0	0	0	0	0	0	0	0	0	
0	0	0	0	0	0	0	0	0	0	0	0	0	0	0	0	0	0	0	0	0	0	0	0	0	0	0	0	0	0	

1
1
30		30
1
415	363
345	305
498	363
1
415	356
69
415	363
413	360
407	357
400	356
389	353
379	351
370	348
363	347
358	344
353	341
349	338
347	336
346	335
345	334
347	332
352	330
360	329
367	327
373	324
379	323
383	321
384	321
387	321
390	320
392	319
394	318
397	318
400	317
403	314
405	312
409	311
411	309
413	308
414	308
417	306
418	306
420	305
421	305
424	305
427	307
433	310
439	313
446	316
451	319
461	325
471	330
482	334
491	336
495	336
498	336
496	337
490	340
483	343
474	346
464	349
456	351
448	352
441	354
436	354
431	354
430	354
427	354
425	354
424	354
422	354
420	354
418	355
416	355
415	356



7
3
30	30
0	0	0	0	0	0	0.14118	0.086275	0	0	0	0	0	0	0	0	0	0	0	0	0	0	0	0	0	0	0	0	0	0	
0	0	0	0	0	0.0039216	0.17647	0.13725	0.07451	0	0	0	0	0	0	0	0	0	0	0	0	0	0	0	0	0	0	0	0	0	
0	0	0	0	0	0.13333	0.047059	0	0.18431	0	0	0	0	0	0	0	0	0	0	0	0	0	0	0	0	0	0	0	0	0	
0	0	0	0	0	0.18431	0	0	0.12157	0.058824	0	0	0	0	0	0	0	0	0	0	0	0	0	0	0	0	0	0	0	0	
0	0	0	0	0	0.18431	0	0	0	0.18431	0	0	0	0	0	0	0	0	0	0	0	0	0	0	0	0	0	0	0	0	
0	0	0	0	0	0.18039	0	0	0	0.1098	0.07451	0	0	0	0	0	0	0	0	0	0	0	0	0	0	0	0	0	0	0	
0	0	0	0	0.054902	0.12549	0	0	0	0	0.18431	0	0	0	0	0	0	0	0	0	0	0	0	0	0	0	0	0	0	0	
0	0	0	0	0.18431	0	0	0	0	0	0.035294	0.1451	0	0	0	0	0	0	0	0	0	0	0	0	0	0	0	0	0	0	
0	0	0	0.015686	0.16471	0	0	0	0	0	0	0.17647	0.0039216	0	0	0	0	0	0	0	0	0	0	0	0	0	0	0	0	0	
0	0	0	0.18039	0	0	0	0	0	0	0	0.0039216	0.17647	0	0	0	0	0	0	0	0	0	0	0	0	0	0	0	0	0	
0	0	0.086275	0.098039	0	0	0	0	0	0	0	0	0.082353	0.10196	0	0	0	0	0	0	0	0	0	0	0	0	0	0	0	0	
0	0	0.18431	0	0	0	0	0	0	0	0	0	0	0.12157	0.058824	0	0	0	0	0	0	0	0	0	0	0	0	0	0	0	
0	0.047059	0.13333	0	0	0	0	0	0	0	0	0	0	0	0.12941	0.05098	0	0	0	0	0	0	0	0	0	0	0	0	0	0	
0	0.18431	0	0	0	0	0	0	0	0	0	0	0	0	0	0.13725	0.043137	0	0	0	0	0	0	0	0	0	0	0	0	0	
0.043137	0.14118	0	0	0	0	0	0	0	0	0	0	0	0	0	0	0.1451	0.070588	0	0	0	0	0	0	0	0	0	0	0	0	
0.18431	0	0	0	0	0	0	0	0	0	0	0	0	0	0	0	0	0.11765	0.19216	0.011765	0	0	0	0	0	0	0	0	0	0	
0.18431	0	0	0	0	0	0	0	0	0	0	0	0	0	0	0	0	0	0	0.17647	0.12549	0	0	0	0	0	0	0	0	0	
0.10588	0.07451	0	0	0	0	0	0	0	0	0	0	0	0	0	0	0	0	0	0	0.10588	0.13333	0	0	0	0	0	0	0	0	
0	0.11373	0.066667	0	0	0	0	0	0	0	0	0	0	0	0	0	0	0	0	0.031373	0.14902	0	0	0	0	0	0	0	0	0	
0	0	0.15686	0.027451	0	0	0	0	0	0	0	0	0	0	0	0	0	0	0.098039	0.15686	0	0	0	0	0	0	0	0	0	0	
0	0	0	0.18431	0	0	0	0	0	0	0	0	0	0	0	0	0	0.090196	0.090196	0	0	0	0	0	0	0	0	0	0	0	
0	0	0	0.05098	0.13333	0	0	0	0	0	0	0	0	0	0	0	0.047059	0.16863	0	0	0	0	0	0	0	0	0	0	0	0	
0	0	0	0	0.054902	0.12549	0	0	0	0	0	0	0	0	0	0.07451	0.14118	0	0	0	0	0	0	0	0	0	0	0	0	0	
0	0	0	0	0	0.062745	0.1451	0	0	0	0	0	0	0	0.066667	0.11373	0	0	0	0	0	0	0	0	0	0	0	0	0	0	
0	0	0	0	0	0	0.043137	0.1451	0	0	0	0	0	0.058824	0.12157	0	0	0	0	0	0	0	0	0	0	0	0	0	0	0	
0	0	0	0	0	0	0	0.043137	0.17255	0	0	0	0	0.18039	0	0	0	0	0	0	0	0	0	0	0	0	0	0	0	0	
0	0	0	0	0	0	0	0	0.015686	0.18431	0	0	0.14118	0.043137	0	0	0	0	0	0	0	0	0	0	0	0	0	0	0	0	
0	0	0	0	0	0	0	0	0	0	0	0	0.18431	0	0	0	0	0	0	0	0	0	0	0	0	0	0	0	0	0	
0	0	0	0	0	0	0	0	0	0	0	0.12941	0.05098	0	0	0	0	0	0	0	0	0	0	0	0	0	0	0	0	0	
0	0	0	0	0	0	0	0	0	0	0	0.07451	0	0	0	0	0	0	0	0	0	0	0	0	0	0	0	0	0	0	

1
1
30		30
1
458	227
408	91
520	240
1
466	240
60
458	227
456	226
451	221
445	216
438	210
432	204
426	198
421	191
417	186
413	182
409	178
408	177
408	175
409	169
410	165
413	158
416	153
419	145
423	140
427	133
430	128
432	122
433	117
434	111
436	105
437	100
439	95
440	93
440	91
447	94
451	101
456	112
463	123
470	135
480	148
489	157
497	165
505	169
512	174
518	177
520	178
516	182
511	187
504	192
497	201
492	205
486	210
482	214
480	216
477	220
476	222
475	224
474	226
474	228
473	229
472	231
471	233
468	237
466	239
466	240



7
3
30	30
0	0	0	0	0	0	0	0	0	0	0	0	0	0.078431	0.20784	0.18431	0	0	0	0	0	0	0	0	0	0	0	0	0	0	
0	0	0	0	0	0	0	0	0	0	0	0	0.086275	0.12941	0	0.019608	0.20784	0.18431	0.019608	0	0	0	0	0	0	0	0	0	0	0	
0	0	0	0	0	0	0	0	0	0	0	0	0.21569	0	0	0	0	0.019608	0.18431	0.20784	0.15294	0.015686	0	0	0	0	0	0	0	0	
0	0	0	0	0	0	0	0	0	0	0	0.17647	0.035294	0	0	0	0	0	0	0	0.054902	0.18824	0.20784	0.054902	0	0	0	0	0	0	
0	0	0	0	0	0	0	0	0	0	0.18824	0.027451	0	0	0	0	0	0	0	0	0	0	0	0.14902	0.20784	0.16471	0	0	0	0	
0	0	0	0	0	0	0	0	0	0	0.21569	0	0	0	0	0	0	0	0	0	0	0	0	0	0	0.043137	0.20784	0.19608	0.14902	0.015686	
0	0	0	0	0	0	0	0	0	0.18824	0.027451	0	0	0	0	0	0	0	0	0	0	0	0	0	0	0	0	0.0078431	0.10588	0.16078	
0	0	0	0	0	0	0	0.043137	0.18824	0.019608	0	0	0	0	0	0	0	0	0	0	0	0	0	0	0	0	0	0	0.17647	0.035294	
0	0	0	0	0	0.019608	0.20784	0.16078	0.011765	0	0	0	0	0	0	0	0	0	0	0	0	0	0	0	0	0	0	0.17647	0.035294	0	
0.070588	0.18039	0.17647	0.086275	0.031373	0.18431	0	0	0	0	0	0	0	0	0	0	0	0	0	0	0	0	0	0	0	0	0.1098	0.10588	0	0	
0	0.023529	0.027451	0.11765	0.25882	0.20784	0.20784	0.20784	0.18824	0.082353	0	0	0	0	0	0	0	0	0	0	0	0	0	0	0.0039216	0.17647	0.1098	0	0	0	
0	0	0	0	0	0	0	0	0.015686	0.12157	0.20784	0.20784	0.20784	0.20784	0.20784	0.20784	0.19216	0.082353	0	0	0	0	0	0.062745	0.20392	0.027451	0	0	0	0	
0	0	0	0	0	0	0	0	0	0	0	0	0	0	0	0	0.015686	0.12157	0.20784	0.20784	0.13725	0.039216	0.1451	0.14118	0	0	0	0	0	0	
0	0	0	0	0	0	0	0	0	0	0	0	0	0	0	0	0	0	0	0	0.066667	0.16863	0.058824	0	0	0	0	0	0	0	
0	0	0	0	0	0	0	0	0	0	0	0	0	0	0	0	0	0	0	0	0	0	0	0	0	0	0	0	0	0	
0	0	0	0	0	0	0	0	0	0	0	0	0	0	0	0	0	0	0	0	0	0	0	0	0	0	0	0	0	0	
0	0	0	0	0	0	0	0	0	0	0	0	0	0	0	0	0	0	0	0	0	0	0	0	0	0	0	0	0	0	
0	0	0	0	0	0	0	0	0	0	0	0	0	0	0	0	0	0	0	0	0	0	0	0	0	0	0	0	0	0	
0	0	0	0	0	0	0	0	0	0	0	0	0	0	0	0	0	0	0	0	0	0	0	0	0	0	0	0	0	0	
0	0	0	0	0	0	0	0	0	0	0	0	0	0	0	0	0	0	0	0	0	0	0	0	0	0	0	0	0	0	
0	0	0	0	0	0	0	0	0	0	0	0	0	0	0	0	0	0	0	0	0	0	0	0	0	0	0	0	0	0	
0	0	0	0	0	0	0	0	0	0	0	0	0	0	0	0	0	0	0	0	0	0	0	0	0	0	0	0	0	0	
0	0	0	0	0	0	0	0	0	0	0	0	0	0	0	0	0	0	0	0	0	0	0	0	0	0	0	0	0	0	
0	0	0	0	0	0	0	0	0	0	0	0	0	0	0	0	0	0	0	0	0	0	0	0	0	0	0	0	0	0	
0	0	0	0	0	0	0	0	0	0	0	0	0	0	0	0	0	0	0	0	0	0	0	0	0	0	0	0	0	0	
0	0	0	0	0	0	0	0	0	0	0	0	0	0	0	0	0	0	0	0	0	0	0	0	0	0	0	0	0	0	
0	0	0	0	0	0	0	0	0	0	0	0	0	0	0	0	0	0	0	0	0	0	0	0	0	0	0	0	0	0	
0	0	0	0	0	0	0	0	0	0	0	0	0	0	0	0	0	0	0	0	0	0	0	0	0	0	0	0	0	0	
0	0	0	0	0	0	0	0	0	0	0	0	0	0	0	0	0	0	0	0	0	0	0	0	0	0	0	0	0	0	
0	0	0	0	0	0	0	0	0	0	0	0	0	0	0	0	0	0	0	0	0	0	0	0	0	0	0	0	0	0	

1
1
30		30
1
630	231
612	186
742	246
1
612	228
68
630	231
633	228
636	225
641	222
645	221
649	217
652	214
655	211
655	210
655	208
656	207
658	204
660	201
661	200
662	199
663	198
664	197
665	195
665	193
667	191
668	190
670	188
671	187
672	186
673	186
678	186
684	189
690	192
696	195
703	197
709	199
715	202
721	205
727	207
733	210
736	211
739	211
741	211
742	212
742	213
741	217
736	222
732	228
729	231
724	235
720	238
717	240
715	241
714	242
713	243
712	244
709	246
707	245
703	245
695	242
686	240
676	239
664	236
653	236
641	233
632	233
625	231
620	230
619	230
616	230
614	230
613	229
612	228



7
3
30	30
0	0	0	0	0	0	0	0	0	0	0	0	0	0	0.031373	0.15686	0.15686	0.14902	0.011765	0	0	0	0	0	0	0	0	0	0	0	
0	0	0	0	0	0	0	0	0	0	0	0	0.10588	0.15686	0.12157	0	0	0.0039216	0.14118	0.078431	0	0	0	0	0	0	0	0	0	0	
0	0	0	0	0	0	0	0	0	0.043137	0.15686	0.15686	0.047059	0	0	0	0	0	0	0.07451	0.15686	0.058824	0	0	0	0	0	0	0	0	
0	0	0	0	0	0	0	0.07451	0.15686	0.1098	0	0	0	0	0	0	0	0	0	0	0	0.094118	0.15686	0.047059	0	0	0	0	0	0	
0	0	0	0	0	0.062745	0.15686	0.078431	0	0	0	0	0	0	0	0	0	0	0	0	0	0	0	0.10588	0.14902	0.011765	0	0	0	0	
0	0	0	0.05098	0.15686	0.090196	0	0	0	0	0	0	0	0	0	0	0	0	0	0	0	0	0	0	0.0039216	0.14118	0.12549	0	0	0	
0.078431	0.22353	0.15686	0.10196	0	0	0	0	0	0	0	0	0	0	0	0	0	0	0	0	0	0	0	0	0	0	0.027451	0.15294	0.11373	0	
0	0.039216	0.15686	0.11373	0	0	0	0	0	0	0	0	0	0	0	0	0	0	0	0	0	0	0	0	0	0	0	0	0.039216	0.12941	
0	0	0	0.035294	0.15686	0.015686	0	0	0	0	0	0	0	0	0	0	0	0	0	0	0	0	0	0	0	0	0.0039216	0.13333	0.17647	0.0039216	
0	0	0	0	0	0.13725	0.047059	0	0	0	0	0	0	0	0	0	0	0	0	0	0	0	0	0	0.090196	0.15686	0.14902	0.019608	0	0	
0	0	0	0	0	0	0.10588	0.054902	0	0	0	0	0	0	0	0	0	0	0	0	0	0.0078431	0.15294	0.15686	0.062745	0	0	0	0	0	
0	0	0	0	0	0	0	0.098039	0.058824	0	0	0	0	0	0	0	0	0	0.090196	0.15686	0.15686	0.1451	0	0	0	0	0	0	0	0	
0	0	0	0	0	0	0	0	0.098039	0.062745	0	0	0	0	0	0	0.098039	0.15686	0.062745	0	0	0	0	0	0	0	0	0	0	0	
0	0	0	0	0	0	0	0	0	0.12157	0.039216	0	0	0	0.066667	0.15686	0.054902	0	0	0	0	0	0	0	0	0	0	0	0	0	
0	0	0	0	0	0	0	0	0	0	0.05098	0.12941	0.15686	0.15686	0.086275	0	0	0	0	0	0	0	0	0	0	0	0	0	0	0	
0	0	0	0	0	0	0	0	0	0.13333	0.14902	0.023529	0	0	0	0	0	0	0	0	0	0	0	0	0	0	0	0	0	0	
0	0	0	0	0	0	0	0	0	0	0	0	0	0	0	0	0	0	0	0	0	0	0	0	0	0	0	0	0	0	
0	0	0	0	0	0	0	0	0	0	0	0	0	0	0	0	0	0	0	0	0	0	0	0	0	0	0	0	0	0	
0	0	0	0	0	0	0	0	0	0	0	0	0	0	0	0	0	0	0	0	0	0	0	0	0	0	0	0	0	0	
0	0	0	0	0	0	0	0	0	0	0	0	0	0	0	0	0	0	0	0	0	0	0	0	0	0	0	0	0	0	
0	0	0	0	0	0	0	0	0	0	0	0	0	0	0	0	0	0	0	0	0	0	0	0	0	0	0	0	0	0	
0	0	0	0	0	0	0	0	0	0	0	0	0	0	0	0	0	0	0	0	0	0	0	0	0	0	0	0	0	0	
0	0	0	0	0	0	0	0	0	0	0	0	0	0	0	0	0	0	0	0	0	0	0	0	0	0	0	0	0	0	
0	0	0	0	0	0	0	0	0	0	0	0	0	0	0	0	0	0	0	0	0	0	0	0	0	0	0	0	0	0	
0	0	0	0	0	0	0	0	0	0	0	0	0	0	0	0	0	0	0	0	0	0	0	0	0	0	0	0	0	0	
0	0	0	0	0	0	0	0	0	0	0	0	0	0	0	0	0	0	0	0	0	0	0	0	0	0	0	0	0	0	
0	0	0	0	0	0	0	0	0	0	0	0	0	0	0	0	0	0	0	0	0	0	0	0	0	0	0	0	0	0	
0	0	0	0	0	0	0	0	0	0	0	0	0	0	0	0	0	0	0	0	0	0	0	0	0	0	0	0	0	0	
0	0	0	0	0	0	0	0	0	0	0	0	0	0	0	0	0	0	0	0	0	0	0	0	0	0	0	0	0	0	
0	0	0	0	0	0	0	0	0	0	0	0	0	0	0	0	0	0	0	0	0	0	0	0	0	0	0	0	0	0	

1
1
30		30
1
388	716
329	629
506	724
1
382	724
68
388	716
388	715
387	713
384	710
380	705
375	700
369	694
362	687
354	681
349	677
342	673
337	671
334	669
331	668
329	668
330	668
331	668
333	668
336	668
340	668
344	666
352	662
361	657
372	651
385	645
396	641
406	636
415	633
420	630
424	629
427	629
429	629
433	630
438	633
446	639
455	644
465	649
475	655
485	661
494	666
499	669
503	671
504	672
505	673
506	674
503	678
498	681
490	684
481	688
474	690
466	694
457	697
449	699
442	701
439	702
435	704
431	706
428	708
425	709
421	712
415	715
409	717
401	720
395	721
389	723
385	724
383	724
382	724



7
3
30	30
0	0	0	0	0	0	0	0	0	0.07451	0.2	0.0078431	0	0	0	0	0	0	0	0	0	0	0	0	0	0	0	0	0	0	
0	0	0	0	0	0	0	0.0078431	0.2	0.13333	0.0078431	0.2	0	0	0	0	0	0	0	0	0	0	0	0	0	0	0	0	0	0	
0	0	0	0	0	0	0.13725	0.2	0.0078431	0	0	0.10588	0.10196	0	0	0	0	0	0	0	0	0	0	0	0	0	0	0	0	0	
0	0	0	0	0.14118	0.20784	0.070588	0	0	0	0	0	0.13333	0.07451	0	0	0	0	0	0	0	0	0	0	0	0	0	0	0	0	
0	0	0.094118	0.21176	0.066667	0	0	0	0	0	0	0	0	0.13333	0.21176	0.066667	0	0	0	0	0	0	0	0	0	0	0	0	0	0	
0.1451	0.23922	0.11373	0	0	0	0	0	0	0	0	0	0	0	0	0.14118	0.21176	0.12157	0.011765	0	0	0	0	0	0	0	0	0	0	0	
0.023529	0.20784	0.023529	0	0	0	0	0	0	0	0	0	0	0	0	0	0	0.086275	0.19608	0.21176	0.21176	0.14118	0	0	0	0	0	0	0	0	
0	0	0.18431	0.11373	0	0	0	0	0	0	0	0	0	0	0	0	0	0	0	0	0	0.070588	0.21176	0.21176	0.21176	0.21176	0.21176	0.12157	0	0	
0	0	0	0.094118	0.19608	0.0078431	0	0	0	0	0	0	0	0	0	0	0	0	0	0	0	0	0	0	0	0	0	0.086275	0.12157	0	
0	0	0	0	0.011765	0.20392	0.21176	0.098039	0	0	0	0	0	0	0	0	0	0	0	0	0	0	0	0	0	0	0	0	0.31765	0.07451	
0	0	0	0	0	0	0	0.1098	0.21176	0.098039	0	0	0	0	0	0	0	0	0	0	0	0	0	0	0	0	0.11765	0.20784	0.058824	0	
0	0	0	0	0	0	0	0	0	0.1098	0.21176	0.1451	0	0	0	0	0	0	0	0	0	0	0	0.015686	0.15686	0.21176	0.090196	0	0	0	
0	0	0	0	0	0	0	0	0	0	0	0.062745	0.20784	0.0039216	0	0	0	0	0	0	0	0.0078431	0.18824	0.19216	0.05098	0	0	0	0	0	
0	0	0	0	0	0	0	0	0	0	0	0	0	0.078431	0	0	0	0	0	0	0.16078	0.2	0.019608	0	0	0	0	0	0	0	
0	0	0	0	0	0	0	0	0	0	0	0	0	0	0	0	0	0	0.082353	0.21176	0.047059	0	0	0	0	0	0	0	0	0	
0	0	0	0	0	0	0	0	0	0	0	0	0	0	0	0	0.18431	0.21176	0.12549	0	0	0	0	0	0	0	0	0	0	0	
0	0	0	0	0	0	0	0	0	0	0	0	0	0	0	0.18431	0.023529	0	0	0	0	0	0	0	0	0	0	0	0	0	
0	0	0	0	0	0	0	0	0	0	0	0	0	0	0	0	0	0	0	0	0	0	0	0	0	0	0	0	0	0	
0	0	0	0	0	0	0	0	0	0	0	0	0	0	0	0	0	0	0	0	0	0	0	0	0	0	0	0	0	0	
0	0	0	0	0	0	0	0	0	0	0	0	0	0	0	0	0	0	0	0	0	0	0	0	0	0	0	0	0	0	
0	0	0	0	0	0	0	0	0	0	0	0	0	0	0	0	0	0	0	0	0	0	0	0	0	0	0	0	0	0	
0	0	0	0	0	0	0	0	0	0	0	0	0	0	0	0	0	0	0	0	0	0	0	0	0	0	0	0	0	0	
0	0	0	0	0	0	0	0	0	0	0	0	0	0	0	0	0	0	0	0	0	0	0	0	0	0	0	0	0	0	
0	0	0	0	0	0	0	0	0	0	0	0	0	0	0	0	0	0	0	0	0	0	0	0	0	0	0	0	0	0	
0	0	0	0	0	0	0	0	0	0	0	0	0	0	0	0	0	0	0	0	0	0	0	0	0	0	0	0	0	0	
0	0	0	0	0	0	0	0	0	0	0	0	0	0	0	0	0	0	0	0	0	0	0	0	0	0	0	0	0	0	
0	0	0	0	0	0	0	0	0	0	0	0	0	0	0	0	0	0	0	0	0	0	0	0	0	0	0	0	0	0	
0	0	0	0	0	0	0	0	0	0	0	0	0	0	0	0	0	0	0	0	0	0	0	0	0	0	0	0	0	0	
0	0	0	0	0	0	0	0	0	0	0	0	0	0	0	0	0	0	0	0	0	0	0	0	0	0	0	0	0	0	
0	0	0	0	0	0	0	0	0	0	0	0	0	0	0	0	0	0	0	0	0	0	0	0	0	0	0	0	0	0	

1
1
30		30
1
658	688
599	629
733	702
1
667	702
54
658	688
656	686
652	683
646	680
639	677
629	672
620	669
613	664
608	660
603	657
601	655
600	653
600	652
599	651
604	651
612	647
621	642
630	638
636	633
640	631
643	629
645	629
648	631
650	634
653	639
659	645
667	649
678	654
691	657
702	660
711	661
718	661
721	661
723	661
725	663
726	664
728	666
730	670
731	671
732	672
733	672
731	672
724	675
719	678
710	682
703	685
693	690
687	694
679	699
673	700
670	702
669	702
668	702
667	702



7
3
30	30
0	0	0	0	0	0	0	0	0	0	0	0	0.14118	0.086275	0	0	0	0	0	0	0	0	0	0	0	0	0	0	0	0	
0	0	0	0	0	0	0	0	0	0	0	0.019608	0.16471	0.18824	0	0	0	0	0	0	0	0	0	0	0	0	0	0	0	0	
0	0	0	0	0	0	0	0	0	0	0	0.18824	0	0.17647	0.0078431	0	0	0	0	0	0	0	0	0	0	0	0	0	0	0	
0	0	0	0	0	0	0	0	0	0	0.031373	0.16863	0	0	0.18824	0	0	0	0	0	0	0	0	0	0	0	0	0	0	0	
0	0	0	0	0	0	0	0	0	0.047059	0.17647	0.015686	0	0	0.18824	0	0	0	0	0	0	0	0	0	0	0	0	0	0	0	
0	0	0	0	0	0	0	0	0.043137	0.1451	0	0	0	0	0.18824	0	0	0	0	0	0	0	0	0	0	0	0	0	0	0	
0	0	0	0	0	0	0	0.035294	0.14902	0	0	0	0	0	0.11373	0.070588	0	0	0	0	0	0	0	0	0	0	0	0	0	0	
0	0	0	0	0	0	0.027451	0.15686	0	0	0	0	0	0	0.011765	0.17255	0	0	0	0	0	0	0	0	0	0	0	0	0	0	
0	0	0	0	0	0.023529	0.16471	0	0	0	0	0	0	0	0	0.18824	0	0	0	0	0	0	0	0	0	0	0	0	0	0	
0	0	0	0	0	0.18431	0	0	0	0	0	0	0	0	0	0.18824	0	0	0	0	0	0	0	0	0	0	0	0	0	0	
0	0	0	0	0.16471	0.019608	0	0	0	0	0	0	0	0	0	0.10588	0.082353	0	0	0	0	0	0	0	0	0	0	0	0	0	
0	0	0	0.12157	0.062745	0	0	0	0	0	0	0	0	0	0	0	0.18824	0	0	0	0	0	0	0	0	0	0	0	0	0	
0	0	0.078431	0.10588	0	0	0	0	0	0	0	0	0	0	0	0	0.18039	0.0039216	0	0	0	0	0	0	0	0	0	0	0	0	
0	0.0078431	0.18039	0	0	0	0	0	0	0	0	0	0	0	0	0	0.019608	0.16471	0	0	0	0	0	0	0	0	0	0	0	0	
0	0.17647	0.0078431	0	0	0	0	0	0	0	0	0	0	0	0	0	0	0.13725	0.047059	0	0	0	0	0	0	0	0	0	0	0	
0.14118	0.043137	0	0	0	0	0	0	0	0	0	0	0	0	0	0	0	0	0.17647	0.011765	0	0	0	0	0	0	0	0	0	0	
0.18824	0	0	0	0	0	0	0	0	0	0	0	0	0	0	0	0	0	0.0039216	0.17255	0.0039216	0	0	0	0	0	0	0	0	0	
0.054902	0.12941	0	0	0	0	0	0	0	0	0	0	0	0	0	0	0	0	0	0.0078431	0.18039	0	0	0	0	0	0	0	0	0	
0	0.18824	0	0	0	0	0	0	0	0	0	0	0	0	0	0	0	0	0	0.15686	0.027451	0	0	0	0	0	0	0	0	0	
0	0.058824	0.12549	0	0	0	0	0	0	0	0	0	0	0	0	0	0	0	0.16078	0.058824	0	0	0	0	0	0	0	0	0	0	
0	0	0.13725	0.05098	0	0	0	0	0	0	0	0	0	0	0	0	0.035294	0.19608	0.031373	0	0	0	0	0	0	0	0	0	0	0	
0	0	0	0.18824	0	0	0	0	0	0	0	0	0	0	0	0.1098	0.15686	0	0	0	0	0	0	0	0	0	0	0	0	0	
0	0	0	0.039216	0.1451	0	0	0	0	0	0	0	0	0.0078431	0.19608	0.082353	0	0	0	0	0	0	0	0	0	0	0	0	0	0	
0	0	0	0	0.18039	0.0078431	0	0	0	0	0	0	0	0.18824	0	0	0	0	0	0	0	0	0	0	0	0	0	0	0	0	
0	0	0	0	0.023529	0.16078	0	0	0	0	0	0	0.1451	0.043137	0	0	0	0	0	0	0	0	0	0	0	0	0	0	0	0	
0	0	0	0	0	0.11765	0.066667	0	0	0	0	0	0.18824	0	0	0	0	0	0	0	0	0	0	0	0	0	0	0	0	0	
0	0	0	0	0	0	0.16078	0.023529	0	0	0	0.12941	0.054902	0	0	0	0	0	0	0	0	0	0	0	0	0	0	0	0	0	
0	0	0	0	0	0	0	0.18824	0	0	0.062745	0.15294	0	0	0	0	0	0	0	0	0	0	0	0	0	0	0	0	0	0	
0	0	0	0	0	0	0	0.078431	0	0.13725	0.12941	0	0	0	0	0	0	0	0	0	0	0	0	0	0	0	0	0	0	0	
0	0	0	0	0	0	0	0	0.019608	0.054902	0	0	0	0	0	0	0	0	0	0	0	0	0	0	0	0	0	0	0	0	

1
1
30		30
1
208	635
171	494
275	640
1
215	640
61
208	635
208	633
205	628
199	621
195	615
192	609
187	601
183	595
179	590
175	584
174	580
171	576
171	571
175	566
179	561
185	553
191	546
198	538
204	531
209	526
216	519
220	515
226	511
227	507
229	505
230	502
232	499
233	495
234	494
238	495
241	503
244	512
247	524
251	538
254	551
260	561
266	570
270	574
274	578
275	579
275	581
273	584
271	586
267	590
262	594
258	597
254	600
249	603
245	606
241	608
238	612
235	617
234	620
231	625
228	630
225	633
223	634
221	636
218	637
216	639
215	640



7
3
30	30
0	0	0	0.13725	0.023529	0	0	0	0	0	0	0	0	0	0	0	0	0	0	0	0	0	0	0	0	0	0	0	0	0	
0	0	0	0.14118	0.16471	0.043137	0	0	0	0	0	0	0	0	0	0	0	0	0	0	0	0	0	0	0	0	0	0	0	0	
0	0	0	0	0.16471	0.12157	0.094118	0	0	0	0	0	0	0	0	0	0	0	0	0	0	0	0	0	0	0	0	0	0	0	
0	0	0	0	0.16471	0	0.070588	0.12941	0	0	0	0	0	0	0	0	0	0	0	0	0	0	0	0	0	0	0	0	0	0	
0	0	0	0	0.16471	0	0	0.039216	0.15294	0	0	0	0	0	0	0	0	0	0	0	0	0	0	0	0	0	0	0	0	0	
0	0	0	0	0.16471	0	0	0	0.011765	0.16863	0.0078431	0	0	0	0	0	0	0	0	0	0	0	0	0	0	0	0	0	0	0	
0	0	0	0	0.16471	0	0	0	0	0	0.15686	0.062745	0	0	0	0	0	0	0	0	0	0	0	0	0	0	0	0	0	0	
0	0	0	0	0.16471	0	0	0	0	0	0	0.10196	0.090196	0	0	0	0	0	0	0	0	0	0	0	0	0	0	0	0	0	
0	0	0	0	0.16078	0	0	0	0	0	0	0	0.078431	0.16863	0.090196	0	0	0	0	0	0	0	0	0	0	0	0	0	0	0	
0	0	0	0.16471	0	0	0	0	0	0	0	0	0	0	0.07451	0.16863	0.16863	0.082353	0	0	0	0	0	0	0	0	0	0	0	0	
0	0	0	0.16471	0	0	0	0	0	0	0	0	0	0	0	0	0	0.082353	0.16863	0.16863	0.16863	0.078431	0	0	0	0	0	0	0	0	
0	0	0	0.16471	0	0	0	0	0	0	0	0	0	0	0	0	0	0	0	0	0	0.16471	0	0	0	0	0	0	0	0	
0	0	0	0.16471	0	0	0	0	0	0	0	0	0	0	0	0	0	0	0	0	0.07451	0.090196	0	0	0	0	0	0	0	0	
0	0	0.098039	0.062745	0	0	0	0	0	0	0	0	0	0	0	0	0	0	0	0	0.16471	0	0	0	0	0	0	0	0	0	
0	0	0.16471	0	0	0	0	0	0	0	0	0	0	0	0	0	0	0	0	0	0.16471	0	0	0	0	0	0	0	0	0	
0	0.039216	0.12549	0	0	0	0	0	0	0	0	0	0	0	0	0	0	0	0	0	0.16471	0	0	0	0	0	0	0	0	0	
0	0.16471	0	0	0	0	0	0	0	0	0	0	0	0	0	0	0	0	0	0	0.16471	0	0	0	0	0	0	0	0	0	
0.11765	0.047059	0	0	0	0	0	0	0	0	0	0	0	0	0	0	0	0	0	0	0.16471	0	0	0	0	0	0	0	0	0	
0.10588	0.090196	0	0	0	0	0	0	0	0	0	0	0	0	0	0	0	0	0	0	0.16471	0	0	0	0	0	0	0	0	0	
0	0.078431	0.16863	0.027451	0	0	0	0	0	0	0	0	0	0	0	0	0	0	0	0	0.16471	0	0	0	0	0	0	0	0	0	
0	0	0	0.14118	0.13333	0	0	0	0	0	0	0	0	0	0	0	0	0	0	0.13725	0.027451	0	0	0	0	0	0	0	0	0	
0	0	0	0	0.031373	0.16863	0.098039	0	0	0	0	0	0	0	0	0	0	0	0	0.16471	0	0	0	0	0	0	0	0	0	0	
0	0	0	0	0	0	0.066667	0.16863	0.047059	0	0	0	0	0	0	0	0	0	0	0.16471	0	0	0	0	0	0	0	0	0	0	
0	0	0	0	0	0	0	0	0.11765	0.12941	0	0	0	0	0	0	0	0	0	0.16471	0	0	0	0	0	0	0	0	0	0	
0	0	0	0	0	0	0	0	0	0.039216	0.16863	0.070588	0	0	0	0	0	0	0	0.16471	0	0	0	0	0	0	0	0	0	0	
0	0	0	0	0	0	0	0	0	0	0	0.098039	0.16863	0.0078431	0	0	0	0	0	0.16471	0	0	0	0	0	0	0	0	0	0	
0	0	0	0	0	0	0	0	0	0	0	0	0	0.15686	0.035294	0	0	0	0.090196	0.070588	0	0	0	0	0	0	0	0	0	0	
0	0	0	0	0	0	0	0	0	0	0	0	0	0	0.12941	0.031373	0	0	0.16471	0	0	0	0	0	0	0	0	0	0	0	
0	0	0	0	0	0	0	0	0	0	0	0	0	0	0	0.13333	0.027451	0	0.16078	0	0	0	0	0	0	0	0	0	0	0	
0	0	0	0	0	0	0	0	0	0	0	0	0	0	0	0	0.078431	0	0	0	0	0	0	0	0	0	0	0	0	0	

1
1
30		30
1
641	304
548	134
673	304
1
654	301
82
641	304
642	302
638	298
633	293
626	286
616	280
604	273
592	265
581	259
570	253
561	247
554	243
551	241
549	239
548	238
549	236
550	233
552	231
554	226
558	222
559	218
562	212
565	205
565	200
567	194
568	187
570	179
570	173
570	166
570	160
570	153
570	148
569	142
567	138
567	136
566	134
570	137
574	141
581	146
587	151
595	157
601	163
608	169
614	173
621	179
627	182
635	185
644	188
653	191
659	191
663	191
666	191
668	191
669	192
670	193
671	193
672	194
673	196
672	201
669	210
669	219
668	229
666	239
665	249
663	257
662	264
662	270
662	273
662	276
660	278
660	279
659	282
659	283
659	285
659	286
657	289
656	291
656	294
654	296
654	297
654	300
654	301



7
3
30	30
0	0	0.086275	0	0	0	0	0	0	0	0	0	0	0	0	0	0	0	0	0	0	0	0	0	0	0	0	0	0	0	
0	0	0.37255	0.11373	0	0	0	0	0	0	0	0	0	0	0	0	0	0	0	0	0	0	0	0	0	0	0	0	0	0	
0	0	0.21961	0.1098	0.20392	0.019608	0	0	0	0	0	0	0	0	0	0	0	0	0	0	0	0	0	0	0	0	0	0	0	0	
0	0	0.21961	0	0.019608	0.20392	0.12941	0	0	0	0	0	0	0	0	0	0	0	0	0	0	0	0	0	0	0	0	0	0	0	
0	0	0.21961	0	0	0	0.094118	0.21569	0.011765	0	0	0	0	0	0	0	0	0	0	0	0	0	0	0	0	0	0	0	0	0	
0	0	0.21961	0	0	0	0	0.0039216	0.20784	0.17255	0	0	0	0	0	0	0	0	0	0	0	0	0	0	0	0	0	0	0	0	
0	0	0.21961	0	0	0	0	0	0	0.047059	0.22353	0.11373	0	0	0	0	0	0	0	0	0	0	0	0	0	0	0	0	0	0	
0	0	0.21569	0	0	0	0	0	0	0	0	0.10588	0.22353	0.054902	0	0	0	0	0	0	0	0	0	0	0	0	0	0	0	0	
0	0.0078431	0.20784	0	0	0	0	0	0	0	0	0	0	0.16471	0.21961	0.05098	0	0	0	0	0	0	0	0	0	0	0	0	0	0	
0	0.0078431	0.20784	0	0	0	0	0	0	0	0	0	0	0	0.0039216	0.17255	0.22353	0.086275	0	0	0	0	0	0	0	0	0	0	0	0	
0	0.0078431	0.20784	0	0	0	0	0	0	0	0	0	0	0	0	0	0	0.13333	0.22353	0.090196	0	0	0	0	0	0	0	0	0	0	
0	0.11373	0.10588	0	0	0	0	0	0	0	0	0	0	0	0	0	0	0	0	0.12941	0.1451	0	0	0	0	0	0	0	0	0	
0	0.21961	0	0	0	0	0	0	0	0	0	0	0	0	0	0	0	0	0	0	0.07451	0.18039	0	0	0	0	0	0	0	0	
0	0.21961	0	0	0	0	0	0	0	0	0	0	0	0	0	0	0	0	0	0	0	0.062745	0.15294	0	0	0	0	0	0	0	
0	0.21961	0	0	0	0	0	0	0	0	0	0	0	0	0	0	0	0	0	0	0	0	0.21961	0	0	0	0	0	0	0	
0.023529	0.19608	0	0	0	0	0	0	0	0	0	0	0	0	0	0	0	0	0	0	0	0.019608	0.19608	0	0	0	0	0	0	0	
0.16863	0.047059	0	0	0	0	0	0	0	0	0	0	0	0	0	0	0	0	0	0	0	0.10196	0.11373	0	0	0	0	0	0	0	
0.21961	0	0	0	0	0	0	0	0	0	0	0	0	0	0	0	0	0	0	0	0	0.10196	0.11373	0	0	0	0	0	0	0	
0.21176	0.0039216	0	0	0	0	0	0	0	0	0	0	0	0	0	0	0	0	0	0	0	0.10196	0.11373	0	0	0	0	0	0	0	
0.019608	0.21961	0.11373	0	0	0	0	0	0	0	0	0	0	0	0	0	0	0	0	0	0	0.10196	0.11373	0	0	0	0	0	0	0	
0	0	0.1098	0.12549	0	0	0	0	0	0	0	0	0	0	0	0	0	0	0	0	0	0.10196	0.11373	0	0	0	0	0	0	0	
0	0	0	0.098039	0.18431	0.0078431	0	0	0	0	0	0	0	0	0	0	0	0	0	0	0	0.11765	0.098039	0	0	0	0	0	0	0	
0	0	0	0	0.035294	0.21176	0.090196	0	0	0	0	0	0	0	0	0	0	0	0	0	0	0.21961	0	0	0	0	0	0	0	0	
0	0	0	0	0	0	0.13333	0.18431	0	0	0	0	0	0	0	0	0	0	0	0	0	0.21961	0	0	0	0	0	0	0	0	
0	0	0	0	0	0	0	0.035294	0.22353	0.098039	0	0	0	0	0	0	0	0	0	0	0	0.21961	0	0	0	0	0	0	0	0	
0	0	0	0	0	0	0	0	0	0.12549	0.19608	0.015686	0	0	0	0	0	0	0	0	0	0.21961	0	0	0	0	0	0	0	0	
0	0	0	0	0	0	0	0	0	0	0.023529	0.20784	0.21176	0.039216	0	0	0	0	0	0	0	0.21961	0	0	0	0	0	0	0	0	
0	0	0	0	0	0	0	0	0	0	0	0	0.0078431	0.18039	0.13725	0	0	0	0	0	0.05098	0.16471	0	0	0	0	0	0	0	0	
0	0	0	0	0	0	0	0	0	0	0	0	0	0	0.082353	0.13333	0	0	0	0	0.21961	0	0	0	0	0	0	0	0	0	
0	0	0	0	0	0	0	0	0	0	0	0	0	0	0	0.070588	0	0	0	0	0.019608	0	0	0	0	0	0	0	0	0	

1
1
30		30
1
716	507
648	381
745	507
1
738	506
62
716	507
712	503
705	498
696	494
688	489
681	485
674	480
668	476
663	473
660	470
657	467
652	465
651	464
650	463
649	462
648	461
648	459
648	456
649	450
651	444
652	438
654	428
654	420
655	411
655	403
655	396
655	390
655	385
655	384
654	381
656	383
661	387
669	392
678	398
690	405
702	412
714	418
725	423
732	426
737	430
741	433
743	435
744	436
745	438
745	443
745	447
744	452
744	458
744	464
744	468
744	474
743	480
743	485
741	490
741	492
741	494
740	497
740	498
740	500
738	502
738	504
738	506



7
3
30	30
0	0	0	0	0	0	0	0	0	0.078431	0	0	0	0	0	0	0	0	0	0	0	0	0	0	0	0	0	0	0	0	
0	0	0	0	0	0	0	0	0	0.22745	0.023529	0	0	0	0	0	0	0	0	0	0	0	0	0	0	0	0	0	0	0	
0	0	0	0	0	0	0	0	0.07451	0.054902	0.1098	0.019608	0	0	0	0	0	0	0	0	0	0	0	0	0	0	0	0	0	0	
0	0	0	0	0	0	0	0	0.11373	0.015686	0	0.1098	0.035294	0	0	0	0	0	0	0	0	0	0	0	0	0	0	0	0	0	
0	0	0	0	0	0	0	0	0.12941	0	0	0	0.098039	0.05098	0	0	0	0	0	0	0	0	0	0	0	0	0	0	0	0	
0	0	0	0	0	0	0	0.023529	0.10588	0	0	0	0	0.082353	0.066667	0	0	0	0	0	0	0	0	0	0	0	0	0	0	0	
0	0	0	0	0	0	0	0.12941	0	0	0	0	0	0	0.066667	0.098039	0	0	0	0	0	0	0	0	0	0	0	0	0	0	
0	0	0	0	0	0	0.039216	0.090196	0	0	0	0	0	0	0	0.035294	0.12941	0	0	0	0	0	0	0	0	0	0	0	0	0	
0	0	0	0	0	0	0.12941	0	0	0	0	0	0	0	0	0	0.0039216	0.13333	0.047059	0	0	0	0	0	0	0	0	0	0	0	
0	0	0	0	0	0.11373	0.015686	0	0	0	0	0	0	0	0	0	0	0	0.086275	0.098039	0	0	0	0	0	0	0	0	0	0	
0	0	0	0	0.07451	0.054902	0	0	0	0	0	0	0	0	0	0	0	0	0	0.035294	0.12941	0.011765	0	0	0	0	0	0	0	0	
0	0	0	0.090196	0.058824	0	0	0	0	0	0	0	0	0	0	0	0	0	0	0	0.0039216	0.12157	0.0078431	0	0	0	0	0	0	0	
0	0.0039216	0.12157	0.043137	0	0	0	0	0	0	0	0	0	0	0	0	0	0	0	0	0	0.031373	0.13333	0	0	0	0	0	0	0	
0.07451	0.12941	0.0078431	0	0	0	0	0	0	0	0	0	0	0	0	0	0	0	0	0	0.027451	0.10196	0	0	0	0	0	0	0	0	
0.094118	0.035294	0	0	0	0	0	0	0	0	0	0	0	0	0	0	0	0	0	0.023529	0.10588	0	0	0	0	0	0	0	0	0	
0	0.12549	0.0039216	0	0	0	0	0	0	0	0	0	0	0	0	0	0	0	0	0.12941	0	0	0	0	0	0	0	0	0	0	
0	0	0.12549	0.0039216	0	0	0	0	0	0	0	0	0	0	0	0	0	0	0.11765	0.011765	0	0	0	0	0	0	0	0	0	0	
0	0	0	0.12941	0	0	0	0	0	0	0	0	0	0	0	0	0	0.058824	0.070588	0	0	0	0	0	0	0	0	0	0	0	
0	0	0	0.054902	0.07451	0	0	0	0	0	0	0	0	0	0	0	0.035294	0.094118	0	0	0	0	0	0	0	0	0	0	0	0	
0	0	0	0	0.07451	0.054902	0	0	0	0	0	0	0	0	0	0	0.12941	0	0	0	0	0	0	0	0	0	0	0	0	0	
0	0	0	0	0	0.098039	0.031373	0	0	0	0	0	0	0	0	0.094118	0.035294	0	0	0	0	0	0	0	0	0	0	0	0	0	
0	0	0	0	0	0	0.12157	0.0078431	0	0	0	0	0	0	0.05098	0.078431	0	0	0	0	0	0	0	0	0	0	0	0	0	0	
0	0	0	0	0	0	0.0078431	0.12157	0	0	0	0	0	0	0.12941	0	0	0	0	0	0	0	0	0	0	0	0	0	0	0	
0	0	0	0	0	0	0	0.023529	0.10196	0	0	0	0	0.11373	0.015686	0	0	0	0	0	0	0	0	0	0	0	0	0	0	0	
0	0	0	0	0	0	0	0	0.047059	0.082353	0	0	0.07451	0.054902	0	0	0	0	0	0	0	0	0	0	0	0	0	0	0	0	
0	0	0	0	0	0	0	0	0	0.10588	0.023529	0.05098	0.078431	0	0	0	0	0	0	0	0	0	0	0	0	0	0	0	0	0	
0	0	0	0	0	0	0	0	0	0	0.1098	0.17255	0	0	0	0	0	0	0	0	0	0	0	0	0	0	0	0	0	0	
0	0	0	0	0	0	0	0	0	0	0.1098	0.019608	0	0	0	0	0	0	0	0	0	0	0	0	0	0	0	0	0	0	
0	0	0	0	0	0	0	0	0	0	0.12941	0	0	0	0	0	0	0	0	0	0	0	0	0	0	0	0	0	0	0	
0	0	0	0	0	0	0	0	0	0	0.078431	0	0	0	0	0	0	0	0	0	0	0	0	0	0	0	0	0	0	0	

1
1
30		30
1
542	483
460	289
626	502
1
533	502
70
542	483
540	483
537	480
532	475
527	467
520	459
512	450
504	440
496	431
487	421
480	411
472	403
467	397
463	392
461	389
460	388
461	387
463	385
466	384
472	381
477	377
483	373
489	367
496	360
503	351
510	341
516	330
521	320
524	310
525	301
527	296
527	292
527	290
527	289
528	294
531	298
537	304
543	310
551	317
562	326
572	335
585	345
598	354
609	362
617	368
622	373
623	374
626	375
622	379
619	382
613	388
608	393
601	402
595	411
586	421
578	433
569	445
563	454
557	462
550	469
546	475
543	481
541	483
538	487
538	490
536	493
535	495
533	497
533	501
533	502


0
3
30	30
0	0	0	0	0	0	0	0	0	0	0	0	0	0	0	0	0	0	0	0	0	0	0	0	0	0	0	0	0	0	
0	0	0	0	0	0	0	0	0	0	0	0.011765	0.16078	0.34902	0.36471	0.062745	0	0	0	0	0	0	0	0	0	0	0	0	0	0	
0	0	0	0	0	0	0	0	0	0	0.12941	0.35294	0.20392	0.015686	0	0.30196	0.36471	0.15294	0.0039216	0	0	0	0	0	0	0	0	0	0	0	
0	0	0	0	0	0	0	0	0.047059	0.35686	0.23529	0	0	0	0	0	0	0.21176	0.35294	0.32549	0.12549	0	0	0	0	0	0	0	0	0	
0	0	0	0	0	0	0	0.15294	0.30588	0.0078431	0	0	0	0	0	0	0	0	0.0039216	0.039216	0.23922	0.36471	0.36471	0.2902	0.22353	0.22353	0.22353	0.22353	0.18824	0	
0	0	0	0	0	0.07451	0.32941	0.21176	0.0078431	0	0	0	0	0	0	0	0	0	0	0	0	0	0	0.07451	0.14118	0.14118	0.14118	0.30196	0.43137	0	
0	0	0	0	0.14902	0.2902	0.035294	0	0	0	0	0	0	0	0	0	0	0	0	0	0	0	0	0	0	0	0.17647	0.20392	0	0	
0	0	0	0.27451	0.21569	0	0	0	0	0	0	0	0	0	0	0	0	0	0	0	0	0	0	0	0	0.062745	0.31765	0	0	0	
0	0.16863	0.36471	0.090196	0	0	0	0	0	0	0	0	0	0	0	0	0	0	0	0	0	0	0	0	0	0.31373	0.066667	0	0	0	
0	0.47843	0.47843	0.090196	0	0	0	0	0	0	0	0	0	0	0	0	0	0	0	0	0	0	0	0.011765	0.29804	0.070588	0	0	0	0	
0	0	0	0.27451	0.35686	0.26667	0	0	0	0	0	0	0	0	0	0	0	0	0	0	0	0	0	0.31765	0.062745	0	0	0	0	0	
0	0	0	0	0.0039216	0.098039	0.35686	0.07451	0	0	0	0	0	0	0	0	0	0	0	0	0	0	0.20392	0.17647	0	0	0	0	0	0	
0	0	0	0	0	0	0.0078431	0.2902	0.32941	0.031373	0	0	0	0	0	0	0	0	0	0	0.031373	0.32941	0.15686	0	0	0	0	0	0	0	
0	0	0	0	0	0	0	0	0.031373	0.33333	0.30588	0.0039216	0	0	0	0	0	0	0	0.011765	0.43137	0.090196	0	0	0	0	0	0	0	0	
0	0	0	0	0	0	0	0	0	0	0.2	0.38431	0.41569	0.30588	0.070588	0	0	0	0.047059	0.4549	0.12549	0	0	0	0	0	0	0	0	0	
0	0	0	0	0	0	0	0	0	0	0	0.0039216	0.058824	0.058824	0.011765	0	0	0	0.56471	0.12157	0	0	0	0	0	0	0	0	0	0	
0	0	0	0	0	0	0	0	0	0	0	0	0	0	0	0	0	0.22353	0.11765	0	0	0	0	0	0	0	0	0	0	0	
0	0	0	0	0	0	0	0	0	0	0	0	0	0	0	0	0	0	0	0	0	0	0	0	0	0	0	0	0	0	
0	0	0	0	0	0	0	0	0	0	0	0	0	0	0	0	0	0	0	0	0	0	0	0	0	0	0	0	0	0	
0	0	0	0	0	0	0	0	0	0	0	0	0	0	0	0	0	0	0	0	0	0	0	0	0	0	0	0	0	0	
0	0	0	0	0	0	0	0	0	0	0	0	0	0	0	0	0	0	0	0	0	0	0	0	0	0	0	0	0	0	
0	0	0	0	0	0	0	0	0	0	0	0	0	0	0	0	0	0	0	0	0	0	0	0	0	0	0	0	0	0	
0	0	0	0	0	0	0	0	0	0	0	0	0	0	0	0	0	0	0	0	0	0	0	0	0	0	0	0	0	0	
0	0	0	0	0	0	0	0	0	0	0	0	0	0	0	0	0	0	0	0	0	0	0	0	0	0	0	0	0	0	
0	0	0	0	0	0	0	0	0	0	0	0	0	0	0	0	0	0	0	0	0	0	0	0	0	0	0	0	0	0	
0	0	0	0	0	0	0	0	0	0	0	0	0	0	0	0	0	0	0	0	0	0	0	0	0	0	0	0	0	0	
0	0	0	0	0	0	0	0	0	0	0	0	0	0	0	0	0	0	0	0	0	0	0	0	0	0	0	0	0	0	
0	0	0	0	0	0	0	0	0	0	0	0	0	0	0	0	0	0	0	0	0	0	0	0	0	0	0	0	0	0	
0	0	0	0	0	0	0	0	0	0	0	0	0	0	0	0	0	0	0	0	0	0	0	0	0	0	0	0	0	0	
0	0	0	0	0	0	0	0	0	0	0	0	0	0	0	0	0	0	0	0	0	0	0	0	0	0	0	0	0	0	

1
1
30		30
1
188	340
155	303
226	345
1
198	345
117
188	340
185	340
184	340
183	340
183	339
182	339
181	339
180	338
179	338
179	337
178	337
177	336
176	336
175	335
174	334
173	334
172	333
171	333
170	332
169	331
168	330
167	330
166	329
164	329
163	328
162	328
161	327
160	327
159	326
158	326
157	326
157	325
156	325
155	325
155	324
156	324
157	323
158	322
159	322
160	321
161	321
162	320
163	319
164	318
165	317
167	316
168	315
170	314
172	313
174	311
175	310
177	309
179	308
180	307
182	306
183	305
185	305
186	304
187	303
188	303
189	304
190	304
191	305
192	306
194	306
195	307
197	308
199	309
201	310
203	310
205	311
207	312
209	312
211	312
213	313
215	313
217	313
219	313
220	313
221	313
222	313
223	313
224	313
225	313
226	313
226	314
225	314
224	315
223	316
222	317
221	319
220	320
219	322
217	324
216	325
214	327
213	329
211	331
210	332
209	333
207	334
206	335
206	336
205	337
204	337
204	338
203	338
203	339
202	340
201	340
201	341
200	341
199	341
199	342
199	343
198	344
198	345



0
3
30	30
0	0	0	0	0	0	0	0	0	0	0	0	0	0	0	0	0	0	0	0	0	0	0	0	0	0	0	0	0	0	
0	0	0	0	0	0.078431	0.078431	0	0	0	0	0	0	0	0	0	0	0	0	0	0	0	0	0	0	0	0	0	0	0	
0	0	0	0	0.25098	0.82745	0.54902	0.26667	0	0	0	0	0	0	0	0	0	0	0	0	0	0	0	0	0	0	0	0	0	0	
0	0	0	0	0.56471	0.18431	0.0039216	0.36863	0.2549	0	0	0	0	0	0	0	0	0	0	0	0	0	0	0	0	0	0	0	0	0	
0	0	0	0	0.56471	0.066667	0	0	0.36471	0.26275	0	0	0	0	0	0	0	0	0	0	0	0	0	0	0	0	0	0	0	0	
0	0	0	0	0.56471	0.066667	0	0	0.098039	0.49804	0.19216	0	0	0	0	0	0	0	0	0	0	0	0	0	0	0	0	0	0	0	
0	0	0	0	0.56471	0.066667	0	0	0	0.18824	0.43529	0.24314	0	0	0	0	0	0	0	0	0	0	0	0	0	0	0	0	0	0	
0	0	0	0.066667	0.51765	0.043137	0	0	0	0	0.15294	0.46667	0.0078431	0	0	0	0	0	0	0	0	0	0	0	0	0	0	0	0	0	
0	0	0	0.19608	0.43137	0	0	0	0	0	0	0.17647	0.45098	0	0	0	0	0	0	0	0	0	0	0	0	0	0	0	0	0	
0	0	0	0.19608	0.43137	0	0	0	0	0	0	0	0.50196	0.12549	0	0	0	0	0	0	0	0	0	0	0	0	0	0	0	0	
0	0	0	0.26275	0.36863	0	0	0	0	0	0	0	0.070588	0.47451	0.082353	0	0	0	0	0	0	0	0	0	0	0	0	0	0	0	
0	0	0	0.63137	0	0	0	0	0	0	0	0	0	0.062745	0.56471	0	0	0	0	0	0	0	0	0	0	0	0	0	0	0	
0	0	0	0.63137	0	0	0	0	0	0	0	0	0	0.0078431	0.44706	0.17255	0	0	0	0	0	0	0	0	0	0	0	0	0	0	
0	0	0.27451	0.35294	0	0	0	0	0	0	0	0	0	0	0.17255	0.4549	0	0	0	0	0	0	0	0	0	0	0	0	0	0	
0	0	0.46667	0.16471	0	0	0	0	0	0	0	0	0	0	0	0.48235	0.31765	0.031373	0	0	0	0	0	0	0	0	0	0	0	0	
0	0	0.46667	0.16471	0	0	0	0	0	0	0	0	0	0	0	0.16471	0.97647	0.094118	0	0	0	0	0	0	0	0	0	0	0	0	
0	0	0.46667	0.16471	0	0	0	0	0	0	0	0	0	0	0	0.35294	0.27451	0	0	0	0	0	0	0	0	0	0	0	0	0	
0	0.07451	0.57647	0.058824	0	0	0	0	0	0	0	0	0	0	0	0.63137	0	0	0	0	0	0	0	0	0	0	0	0	0	0	
0	0.05098	0.73725	0.47451	0	0	0	0	0	0	0	0	0	0	0.21176	0.41961	0	0	0	0	0	0	0	0	0	0	0	0	0	0	
0	0	0.066667	0.56471	0.090196	0	0	0	0	0	0	0	0	0.054902	0.5451	0.027451	0	0	0	0	0	0	0	0	0	0	0	0	0	0	
0	0	0	0.082353	0.5098	0.035294	0	0	0	0	0	0	0	0.062745	0.56471	0	0	0	0	0	0	0	0	0	0	0	0	0	0	0	
0	0	0	0	0.39608	0.23529	0	0	0	0	0	0	0	0.23529	0.39608	0	0	0	0	0	0	0	0	0	0	0	0	0	0	0	
0	0	0	0	0	0.40392	0.22353	0	0	0	0	0	0	0.63137	0	0	0	0	0	0	0	0	0	0	0	0	0	0	0	0	
0	0	0	0	0	0	0.4	0.22745	0	0	0	0	0.12549	0.50196	0	0	0	0	0	0	0	0	0	0	0	0	0	0	0	0	
0	0	0	0	0	0	0.0078431	0.45098	0.17255	0	0	0	0.32941	0.29804	0	0	0	0	0	0	0	0	0	0	0	0	0	0	0	0	
0	0	0	0	0	0	0	0.21176	0.48235	0.23137	0	0	0.32941	0.29804	0	0	0	0	0	0	0	0	0	0	0	0	0	0	0	0	
0	0	0	0	0	0	0	0	0.21176	0.49804	0.023529	0	0.79216	0.23922	0	0	0	0	0	0	0	0	0	0	0	0	0	0	0	0	
0	0	0	0	0	0	0	0	0	0.21961	0.53725	0.55294	0.29804	0	0	0	0	0	0	0	0	0	0	0	0	0	0	0	0	0	
0	0	0	0	0	0	0	0	0	0	0.070588	0.082353	0	0	0	0	0	0	0	0	0	0	0	0	0	0	0	0	0	0	
0	0	0	0	0	0	0	0	0	0	0	0	0	0	0	0	0	0	0	0	0	0	0	0	0	0	0	0	0	0	

1
1
30		30
1
241	431
226	391
249	431
1
242	430
76
241	431
240	431
239	431
238	430
237	429
237	428
236	428
235	426
234	425
233	424
232	423
231	422
230	421
230	420
229	419
228	418
228	417
227	417
227	416
226	416
226	415
227	414
227	412
227	410
228	408
228	406
229	404
229	402
229	400
230	399
230	398
230	397
230	396
230	395
230	394
230	393
230	392
231	392
231	391
232	391
233	391
234	392
235	393
236	394
237	395
238	397
240	398
241	400
242	401
243	403
245	405
246	407
247	409
247	410
248	411
248	412
249	412
249	411
248	412
248	413
247	414
247	416
246	417
245	418
245	419
245	421
244	422
244	423
244	424
243	425
243	426
243	427
243	428
243	429
242	429
242	430



0
3
30	30
0	0	0	0	0	0	0	0	0	0	0	0	0	0	0	0	0	0	0	0	0	0	0	0	0	0	0	0	0	0	
0	0	0	0	0	0	0	0	0	0	0.18431	0	0	0	0	0	0	0	0	0	0	0	0	0	0	0	0	0	0	0	
0	0	0	0	0	0	0	0	0	0	0.89804	0.20784	0	0	0	0	0	0	0	0	0	0	0	0	0	0	0	0	0	0	
0	0	0	0	0	0	0	0	0	0.058824	0.63922	0.56471	0.023529	0	0	0	0	0	0	0	0	0	0	0	0	0	0	0	0	0	
0	0	0	0	0	0	0	0	0.058824	0.4902	0	0.1451	0.40392	0	0	0	0	0	0	0	0	0	0	0	0	0	0	0	0	0	
0	0	0	0	0	0	0	0	0.1098	0.44314	0	0	0.21961	0.33333	0	0	0	0	0	0	0	0	0	0	0	0	0	0	0	0	
0	0	0	0	0	0	0	0.070588	0.43137	0.047059	0	0	0.1451	0.40392	0	0	0	0	0	0	0	0	0	0	0	0	0	0	0	0	
0	0	0	0	0	0	0.070588	0.40392	0.070588	0	0	0	0	0.18431	0.36863	0	0	0	0	0	0	0	0	0	0	0	0	0	0	0	
0	0	0	0	0	0	0.35686	0.19608	0	0	0	0	0	0	0.4902	0.058824	0	0	0	0	0	0	0	0	0	0	0	0	0	0	
0	0	0	0	0	0	0.55294	0	0	0	0	0	0	0	0	0.55294	0	0	0	0	0	0	0	0	0	0	0	0	0	0	
0	0	0	0	0	0.4902	0.058824	0	0	0	0	0	0	0	0	0.44314	0.1098	0	0	0	0	0	0	0	0	0	0	0	0	0	
0	0	0	0	0.18431	0.36863	0	0	0	0	0	0	0	0	0	0.047059	0.43137	0.070588	0	0	0	0	0	0	0	0	0	0	0	0	
0	0	0	0.18431	0.36863	0	0	0	0	0	0	0	0	0	0	0	0.070588	0.52941	0.070588	0	0	0	0	0	0	0	0	0	0	0	
0	0.035294	0.51765	0.36863	0	0	0	0	0	0	0	0	0	0	0	0	0	0.40392	0.33333	0	0	0	0	0	0	0	0	0	0	0	
0	0.32941	0.46667	0	0	0	0	0	0	0	0	0	0	0	0	0	0	0.40392	0.1451	0	0	0	0	0	0	0	0	0	0	0	
0	0	0.55294	0	0	0	0	0	0	0	0	0	0	0	0	0	0.1451	0.40392	0	0	0	0	0	0	0	0	0	0	0	0	
0	0	0.18431	0.36863	0	0	0	0	0	0	0	0	0	0	0	0	0.40392	0.1451	0	0	0	0	0	0	0	0	0	0	0	0	
0	0	0	0.4549	0.098039	0	0	0	0	0	0	0	0	0	0	0.36863	0.18431	0	0	0	0	0	0	0	0	0	0	0	0	0	
0	0	0	0.035294	0.4549	0.058824	0	0	0	0	0	0	0	0	0.058824	0.4902	0	0	0	0	0	0	0	0	0	0	0	0	0	0	
0	0	0	0	0	0.55294	0	0	0	0	0	0	0	0.058824	0.4902	0	0	0	0	0	0	0	0	0	0	0	0	0	0	0	
0	0	0	0	0	0.50588	0.047059	0	0	0	0	0	0	0.30588	0.24314	0	0	0	0	0	0	0	0	0	0	0	0	0	0	0	
0	0	0	0	0	0.29412	0.25882	0	0	0	0	0	0.070588	0.47843	0	0	0	0	0	0	0	0	0	0	0	0	0	0	0	0	
0	0	0	0	0	0	0.50588	0.047059	0	0	0	0	0.21961	0.33333	0	0	0	0	0	0	0	0	0	0	0	0	0	0	0	0	
0	0	0	0	0	0	0.29412	0.56471	0	0	0	0.035294	0.28235	0.29412	0	0	0	0	0	0	0	0	0	0	0	0	0	0	0	0	
0	0	0	0	0	0	0	0.55294	0	0	0	0.32941	0.77647	0	0	0	0	0	0	0	0	0	0	0	0	0	0	0	0	0	
0	0	0	0	0	0	0	0.21961	0.32941	0	0	0	0	0	0	0	0	0	0	0	0	0	0	0	0	0	0	0	0	0	
0	0	0	0	0	0	0	0.21961	0.33333	0	0	0	0	0	0	0	0	0	0	0	0	0	0	0	0	0	0	0	0	0	
0	0	0	0	0	0	0	0.047059	0.40392	0.098039	0	0	0	0	0	0	0	0	0	0	0	0	0	0	0	0	0	0	0	0	
0	0	0	0	0	0	0	0	0.035294	0.1451	0	0	0	0	0	0	0	0	0	0	0	0	0	0	0	0	0	0	0	0	
0	0	0	0	0	0	0	0	0	0	0	0	0	0	0	0	0	0	0	0	0	0	0	0	0	0	0	0	0	0	

1
1
30		30
1
349	382
336	335
365	382
1
354	375
85
349	382
347	380
347	379
347	378
347	377
346	376
346	375
346	374
345	374
345	373
344	372
344	371
343	370
343	369
342	368
342	366
341	365
340	364
339	363
339	362
338	361
337	360
337	359
336	358
336	357
337	357
337	356
338	356
339	355
340	354
341	353
342	352
343	350
344	349
345	347
346	345
348	343
349	342
349	341
350	339
351	338
351	337
351	336
351	335
351	336
352	336
352	337
353	337
353	338
354	339
355	340
356	341
356	342
357	344
358	345
359	346
360	348
360	349
361	350
361	351
362	352
363	353
364	354
364	355
365	355
365	356
365	357
364	358
364	359
363	360
363	361
362	362
361	363
360	365
359	366
358	368
357	369
357	370
356	372
356	373
356	374
355	375
355	376
354	376
354	375



0
3
30	30
0	0	0	0	0	0	0	0	0	0	0	0	0	0	0	0	0	0	0	0	0	0	0	0	0	0	0	0	0	0	
0	0	0	0	0	0	0	0	0	0	0	0	0	0	0	0	0.0039216	0.12157	0.031373	0	0	0	0	0	0	0	0	0	0	0	
0	0	0	0	0	0	0	0	0	0	0	0	0	0	0	0	0.36863	1	0.58431	0	0	0	0	0	0	0	0	0	0	0	
0	0	0	0	0	0	0	0	0	0	0	0	0	0	0.16078	0.37647	0.27451	0.12157	0.57255	0.45882	0.05098	0	0	0	0	0	0	0	0	0	
0	0	0	0	0	0	0	0	0	0	0	0	0	0.18824	0.45882	0.24314	0	0	0	0.16078	0.56863	0.32549	0	0	0	0	0	0	0	0	
0	0	0	0	0	0	0	0	0	0	0.21176	0.43922	0.62353	0.43137	0	0	0	0	0	0	0	0.29804	0.58039	0.37255	0.2902	0	0	0	0	0	
0	0	0	0	0	0	0	0	0	0.21569	0.41176	0.18431	0	0	0	0	0	0	0	0	0	0	0.043137	0.24706	0.32941	0.62353	0.16471	0.12157	0.0039216	0	
0	0	0	0	0	0	0	0	0.25882	0.38824	0	0	0	0	0	0	0	0	0	0	0	0	0	0	0	0	0.58431	1	0.043137	0	
0	0	0	0	0	0.031373	0.24706	0.55686	0.36078	0.015686	0	0	0	0	0	0	0	0	0	0	0	0	0	0	0	0.14118	0.45882	0.12157	0.0039216	0	
0	0	0	0	0	0.4549	0.37255	0.062745	0	0	0	0	0	0	0	0	0	0	0	0	0	0	0	0	0.13333	0.48235	0.031373	0	0	0	
0	0	0	0.29804	0.62353	0.13333	0	0	0	0	0	0	0	0	0	0	0	0	0	0	0	0	0	0.19216	0.4549	0	0	0	0	0	
0	0.031373	0.69804	0.32549	0	0	0	0	0	0	0	0	0	0	0	0	0	0	0	0	0	0	0.12941	0.48627	0.031373	0	0	0	0	0	
0	0.019608	0.49804	0.49804	0.28235	0	0	0	0	0	0	0	0	0	0	0	0	0	0	0	0	0	0.41176	0.23922	0	0	0	0	0	0	
0	0	0.047059	0.17647	0.69412	0.32941	0.24706	0.24706	0.11765	0	0	0	0	0	0	0	0	0	0	0	0	0.41569	0.23137	0	0	0	0	0	0	0	
0	0	0	0	0	0.2902	0.37255	0.37255	0.50196	0.62353	0.62353	0.05098	0	0	0	0	0	0	0	0	0.078431	0.50196	0.062745	0	0	0	0	0	0	0	
0	0	0	0	0	0	0	0	0	0	0	0.56863	0.62353	0.38431	0.12941	0	0	0	0	0	0.65098	0	0	0	0	0	0	0	0	0	
0	0	0	0	0	0	0	0	0	0	0	0	0	0.23529	0.49412	0.66667	0.30588	0	0	0	0.16078	0	0	0	0	0	0	0	0	0	
0	0	0	0	0	0	0	0	0	0	0	0	0	0	0	0.17255	0.82353	0.49804	0.49804	0.49804	0.10588	0	0	0	0	0	0	0	0	0	
0	0	0	0	0	0	0	0	0	0	0	0	0	0	0	0	0.086275	0.12157	0.12157	0.12157	0.023529	0	0	0	0	0	0	0	0	0	
0	0	0	0	0	0	0	0	0	0	0	0	0	0	0	0	0	0	0	0	0	0	0	0	0	0	0	0	0	0	
0	0	0	0	0	0	0	0	0	0	0	0	0	0	0	0	0	0	0	0	0	0	0	0	0	0	0	0	0	0	
0	0	0	0	0	0	0	0	0	0	0	0	0	0	0	0	0	0	0	0	0	0	0	0	0	0	0	0	0	0	
0	0	0	0	0	0	0	0	0	0	0	0	0	0	0	0	0	0	0	0	0	0	0	0	0	0	0	0	0	0	
0	0	0	0	0	0	0	0	0	0	0	0	0	0	0	0	0	0	0	0	0	0	0	0	0	0	0	0	0	0	
0	0	0	0	0	0	0	0	0	0	0	0	0	0	0	0	0	0	0	0	0	0	0	0	0	0	0	0	0	0	
0	0	0	0	0	0	0	0	0	0	0	0	0	0	0	0	0	0	0	0	0	0	0	0	0	0	0	0	0	0	
0	0	0	0	0	0	0	0	0	0	0	0	0	0	0	0	0	0	0	0	0	0	0	0	0	0	0	0	0	0	
0	0	0	0	0	0	0	0	0	0	0	0	0	0	0	0	0	0	0	0	0	0	0	0	0	0	0	0	0	0	
0	0	0	0	0	0	0	0	0	0	0	0	0	0	0	0	0	0	0	0	0	0	0	0	0	0	0	0	0	0	
0	0	0	0	0	0	0	0	0	0	0	0	0	0	0	0	0	0	0	0	0	0	0	0	0	0	0	0	0	0	

1
1
30		30
1
269	316
242	291
281	316
1
270	313
81
269	316
266	316
265	316
264	316
264	315
263	315
263	314
262	314
261	314
260	313
259	313
258	312
257	312
256	312
255	311
254	311
253	311
252	311
251	310
250	310
249	310
248	310
247	310
246	309
245	309
245	308
244	308
243	308
242	307
242	306
243	306
244	305
245	304
246	304
247	303
249	302
251	301
252	300
254	298
256	297
257	296
259	296
260	295
261	294
262	294
263	293
264	292
265	292
265	291
266	291
266	292
267	292
267	293
268	293
269	294
270	295
271	295
272	296
273	296
274	297
275	297
276	297
277	298
278	298
279	299
280	299
281	299
281	300
280	300
279	301
278	302
277	303
276	304
275	305
274	307
273	308
272	309
272	310
271	311
270	312
270	313



0
3
30	30
0	0	0	0	0	0	0	0	0	0	0	0	0	0	0	0	0	0	0	0	0	0	0	0	0	0	0	0	0	0	
0	0	0	0	0	0	0	0	0	0	0	0	0	0	0	0.29804	0.33333	0.33725	0.30588	0.082353	0	0	0	0	0	0	0	0	0	0	
0	0	0	0	0	0	0	0	0	0	0	0	0.039216	0.28235	0.33725	0.039216	0	0	0.031373	0.25098	0.33725	0.33725	0.33725	0.2902	0.17647	0	0	0	0	0	
0	0	0	0	0	0	0	0	0	0	0	0.28627	0.29804	0.054902	0	0	0	0	0	0	0	0	0	0.047059	0.15686	0.33725	0.33725	0.14118	0	0	
0	0	0	0	0	0	0	0	0.18824	0.3098	0.33725	0.05098	0	0	0	0	0	0	0	0	0	0	0	0	0	0	0	0.23137	0.53725	0	
0	0	0	0	0	0	0.12549	0.32157	0.14902	0.027451	0	0	0	0	0	0	0	0	0	0	0	0	0	0	0	0	0.12549	0.33333	0.16471	0	
0	0	0	0	0.070588	0.33725	0.21176	0.015686	0	0	0	0	0	0	0	0	0	0	0	0	0	0	0	0	0	0.22353	0.22745	0.015686	0	0	
0	0	0.023529	0.24706	0.26667	0	0	0	0	0	0	0	0	0	0	0	0	0	0	0	0	0	0	0	0.18431	0.20784	0.0078431	0	0	0	
0	0.30588	0.31373	0.090196	0	0	0	0	0	0	0	0	0	0	0	0	0	0	0	0	0	0	0.019608	0.32549	0.25098	0	0	0	0	0	
0	0.2	0.3098	0.078431	0	0	0	0	0	0	0	0	0	0	0	0	0	0	0	0	0	0.027451	0.28627	0.035294	0	0	0	0	0	0	
0	0	0.027451	0.36471	0.031373	0	0	0	0	0	0	0	0	0	0	0	0	0	0	0	0.031373	0.41569	0.027451	0	0	0	0	0	0	0	
0	0	0	0.015686	0.30196	0.15686	0	0	0	0	0	0	0	0	0	0	0	0	0	0.15686	0.30196	0.015686	0	0	0	0	0	0	0	0	
0	0	0	0	0	0.30196	0.18824	0.0078431	0	0	0	0	0	0	0	0	0	0.0078431	0.28235	0.18039	0	0	0	0	0	0	0	0	0	0	
0	0	0	0	0	0	0.1451	0.32549	0.11373	0	0	0	0	0	0	0	0.011765	0.28627	0.054902	0	0	0	0	0	0	0	0	0	0	0	
0	0	0	0	0	0	0	0	0.22353	0.33725	0.33725	0.33725	0.18824	0.035294	0	0.24314	0.32549	0.039216	0	0	0	0	0	0	0	0	0	0	0	0	
0	0	0	0	0	0	0	0	0	0	0	0	0.14902	0.30196	0.58039	0.55294	0.023529	0	0	0	0	0	0	0	0	0	0	0	0	0	
0	0	0	0	0	0	0	0	0	0	0	0	0	0	0	0	0	0	0	0	0	0	0	0	0	0	0	0	0	0	
0	0	0	0	0	0	0	0	0	0	0	0	0	0	0	0	0	0	0	0	0	0	0	0	0	0	0	0	0	0	
0	0	0	0	0	0	0	0	0	0	0	0	0	0	0	0	0	0	0	0	0	0	0	0	0	0	0	0	0	0	
0	0	0	0	0	0	0	0	0	0	0	0	0	0	0	0	0	0	0	0	0	0	0	0	0	0	0	0	0	0	
0	0	0	0	0	0	0	0	0	0	0	0	0	0	0	0	0	0	0	0	0	0	0	0	0	0	0	0	0	0	
0	0	0	0	0	0	0	0	0	0	0	0	0	0	0	0	0	0	0	0	0	0	0	0	0	0	0	0	0	0	
0	0	0	0	0	0	0	0	0	0	0	0	0	0	0	0	0	0	0	0	0	0	0	0	0	0	0	0	0	0	
0	0	0	0	0	0	0	0	0	0	0	0	0	0	0	0	0	0	0	0	0	0	0	0	0	0	0	0	0	0	
0	0	0	0	0	0	0	0	0	0	0	0	0	0	0	0	0	0	0	0	0	0	0	0	0	0	0	0	0	0	
0	0	0	0	0	0	0	0	0	0	0	0	0	0	0	0	0	0	0	0	0	0	0	0	0	0	0	0	0	0	
0	0	0	0	0	0	0	0	0	0	0	0	0	0	0	0	0	0	0	0	0	0	0	0	0	0	0	0	0	0	
0	0	0	0	0	0	0	0	0	0	0	0	0	0	0	0	0	0	0	0	0	0	0	0	0	0	0	0	0	0	
0	0	0	0	0	0	0	0	0	0	0	0	0	0	0	0	0	0	0	0	0	0	0	0	0	0	0	0	0	0	
0	0	0	0	0	0	0	0	0	0	0	0	0	0	0	0	0	0	0	0	0	0	0	0	0	0	0	0	0	0	

1
1
30		30
1
595	304
554	261
631	304
1
594	301
106
595	304
593	303
592	303
591	303
590	303
589	302
587	302
586	302
584	301
583	301
581	301
580	301
578	300
576	300
574	299
572	298
571	297
569	296
567	295
566	293
564	292
563	291
562	290
561	288
559	287
558	286
557	285
556	285
555	284
554	284
555	284
555	283
556	283
557	282
558	282
560	281
561	280
563	279
566	277
568	276
570	275
573	273
576	272
579	271
581	270
584	268
586	267
589	266
591	265
593	263
595	263
596	262
597	262
598	261
599	261
600	262
601	262
602	263
604	263
605	264
607	264
609	264
611	265
612	265
614	265
616	266
618	266
620	267
622	267
624	268
625	268
627	269
628	270
629	270
630	271
631	271
631	272
630	272
629	272
629	273
628	273
627	274
626	275
624	276
623	278
621	279
619	281
618	283
615	284
613	286
611	289
608	291
605	293
603	295
600	297
598	299
596	301
594	302
593	303
592	304
591	304
591	303
592	303
593	302
594	302
594	301



0
3
30	30
0	0	0	0	0	0	0	0	0	0	0	0	0	0	0	0	0	0	0	0	0	0	0	0	0	0	0	0	0	0	
0	0	0	0	0	0	0	0	0	0	0.05098	0	0	0	0	0	0	0	0	0	0	0	0	0	0	0	0	0	0	0	
0	0	0	0	0	0	0	0	0	0	0.60784	0.27059	0	0	0	0	0	0	0	0	0	0	0	0	0	0	0	0	0	0	
0	0	0	0	0	0	0	0	0	0	0.60784	0.81961	0.17647	0	0	0	0	0	0	0	0	0	0	0	0	0	0	0	0	0	
0	0	0	0	0	0	0	0	0	0.11765	0.4902	0.18039	0.42745	0	0	0	0	0	0	0	0	0	0	0	0	0	0	0	0	0	
0	0	0	0	0	0	0	0	0	0.21961	0.38824	0	0.60784	0	0	0	0	0	0	0	0	0	0	0	0	0	0	0	0	0	
0	0	0	0	0	0	0	0	0	0.45882	0.1451	0	0.33333	0.27059	0	0	0	0	0	0	0	0	0	0	0	0	0	0	0	0	
0	0	0	0	0	0	0	0	0.14902	0.45882	0	0	0	0.36078	0.24314	0	0	0	0	0	0	0	0	0	0	0	0	0	0	0	
0	0	0	0	0	0	0	0.035294	0.52157	0.047059	0	0	0	0	0.41569	0.19216	0	0	0	0	0	0	0	0	0	0	0	0	0	0	
0	0	0	0	0	0	0	0.2902	0.31765	0	0	0	0	0	0.32941	0.27451	0	0	0	0	0	0	0	0	0	0	0	0	0	0	
0	0	0	0	0	0	0.039216	0.56863	0	0	0	0	0	0	0.070588	0.46275	0.070588	0	0	0	0	0	0	0	0	0	0	0	0	0	
0	0	0	0	0	0	0.27451	0.33333	0	0	0	0	0	0	0	0.05098	0.49804	0.054902	0	0	0	0	0	0	0	0	0	0	0	0	
0	0	0	0	0	0	0.56471	0.039216	0	0	0	0	0	0	0	0	0.062745	0.46667	0.23137	0.23137	0.035294	0	0	0	0	0	0	0	0	0	
0	0	0	0	0	0.29412	0.3098	0	0	0	0	0	0	0	0	0	0	0.1098	0.43529	0.73333	0.066667	0	0	0	0	0	0	0	0	0	
0	0	0	0	0.26275	0.33725	0.0039216	0	0	0	0	0	0	0	0	0	0	0	0.58431	0.023529	0	0	0	0	0	0	0	0	0	0	
0	0	0	0.011765	0.59608	0	0	0	0	0	0	0	0	0	0	0	0	0.18824	0.41961	0	0	0	0	0	0	0	0	0	0	0	
0	0	0	0.44314	0.16471	0	0	0	0	0	0	0	0	0	0	0	0	0.41176	0.19608	0	0	0	0	0	0	0	0	0	0	0	
0	0	0.42353	0.18431	0	0	0	0	0	0	0	0	0	0	0	0	0.062745	0.5451	0	0	0	0	0	0	0	0	0	0	0	0	
0	0.078431	0.77255	0.054902	0	0	0	0	0	0	0	0	0	0	0	0.05098	0.49804	0.054902	0	0	0	0	0	0	0	0	0	0	0	0	
0	0.023529	0.1451	0.46667	0.058824	0	0	0	0	0	0	0	0	0	0	0.21569	0.39216	0	0	0	0	0	0	0	0	0	0	0	0	0	
0	0	0	0.14118	0.46667	0	0	0	0	0	0	0	0	0	0	0.60784	0	0	0	0	0	0	0	0	0	0	0	0	0	0	
0	0	0	0	0.1098	0.63529	0.25098	0	0	0	0	0	0	0	0.39216	0.21569	0	0	0	0	0	0	0	0	0	0	0	0	0	0	
0	0	0	0	0	0	0.38431	0.22353	0	0	0	0	0	0.011765	0.59608	0	0	0	0	0	0	0	0	0	0	0	0	0	0	0	
0	0	0	0	0	0	0	0.39608	0.21176	0	0	0	0	0.55294	0.054902	0	0	0	0	0	0	0	0	0	0	0	0	0	0	0	
0	0	0	0	0	0	0	0.047059	0.54118	0.015686	0	0	0	0.49412	0.047059	0	0	0	0	0	0	0	0	0	0	0	0	0	0	0	
0	0	0	0	0	0	0	0	0.23529	0.37255	0	0	0	0	0	0	0	0	0	0	0	0	0	0	0	0	0	0	0	0	
0	0	0	0	0	0	0	0	0	0.24314	0.36471	0	0	0	0	0	0	0	0	0	0	0	0	0	0	0	0	0	0	0	
0	0	0	0	0	0	0	0	0	0	0.27059	0.55294	0.12157	0	0	0	0	0	0	0	0	0	0	0	0	0	0	0	0	0	
0	0	0	0	0	0	0	0	0	0	0	0.082353	0.015686	0	0	0	0	0	0	0	0	0	0	0	0	0	0	0	0	0	
0	0	0	0	0	0	0	0	0	0	0	0	0	0	0	0	0	0	0	0	0	0	0	0	0	0	0	0	0	0	

1
1
30		30
1
703	219
687	179
716	219
1
706	212
69
703	219
702	219
701	218
700	217
699	216
698	215
697	213
696	212
695	211
694	210
692	209
691	208
690	207
689	206
688	205
687	205
688	204
688	203
689	202
690	201
691	200
692	198
694	196
695	194
696	192
697	190
698	188
699	187
700	185
700	184
701	182
701	181
701	180
701	179
702	180
702	181
703	181
703	182
704	183
704	184
705	186
706	187
707	188
708	189
708	190
709	192
710	193
711	194
712	195
713	196
714	196
715	196
716	196
715	197
714	198
714	199
713	201
712	203
711	204
710	206
709	208
708	209
707	210
707	211
706	212
706	213
706	214
706	213
706	212



0
3
30	30
0	0	0	0	0	0	0	0	0	0	0	0	0	0	0	0	0	0	0	0	0	0	0	0	0	0	0	0	0	0	
0	0	0	0	0	0	0	0	0	0	0	0	0	0	0.18431	0.32941	0.035294	0	0	0	0	0	0	0	0	0	0	0	0	0	
0	0	0	0	0	0	0	0	0	0	0	0	0.047059	0.25882	0.36863	0.21961	0.51765	0.29412	0.19608	0	0	0	0	0	0	0	0	0	0	0	
0	0	0	0	0	0	0	0	0	0	0	0.035294	0.40392	0.29412	0	0	0	0.25882	0.35686	0.55294	0.35686	0.011765	0	0	0	0	0	0	0	0	
0	0	0	0	0	0	0	0	0	0	0	0.4549	0.098039	0	0	0	0	0	0	0	0.19608	0.54118	0.43137	0	0	0	0	0	0	0	
0	0	0	0	0	0	0	0	0	0	0.4902	0.058824	0	0	0	0	0	0	0	0	0	0	0.12157	0.55294	0.4902	0.44314	0.047059	0	0	0	
0	0	0	0	0	0	0	0	0	0.18431	0.36863	0	0	0	0	0	0	0	0	0	0	0	0	0	0.058824	0.1098	0.50588	0.62745	0.29412	0	
0	0	0	0	0	0	0	0	0.18431	0.36863	0	0	0	0	0	0	0	0	0	0	0	0	0	0	0	0	0	0.21961	0.33333	0	
0	0	0	0	0	0	0	0.1451	0.40392	0	0	0	0	0	0	0	0	0	0	0	0	0	0	0	0	0	0	0.21961	0.33333	0	
0	0	0	0	0	0	0	0.40392	0.1451	0	0	0	0	0	0	0	0	0	0	0	0	0	0	0	0	0	0	0.40392	0.1451	0	
0	0	0	0	0	0	0.32941	0.21961	0	0	0	0	0	0	0	0	0	0	0	0	0	0	0	0	0	0	0.1451	0.40392	0	0	
0	0	0	0	0	0.1451	0.38039	0.023529	0	0	0	0	0	0	0	0	0	0	0	0	0	0	0	0	0	0.1451	0.38039	0.023529	0	0	
0	0	0	0	0	0.46667	0.086275	0	0	0	0	0	0	0	0	0	0	0	0	0	0	0	0	0	0	0.46667	0.086275	0	0	0	
0	0	0	0	0.36863	0.18431	0	0	0	0	0	0	0	0	0	0	0	0	0	0	0	0	0	0.011765	0.35686	0.18431	0	0	0	0	
0	0	0	0.058824	0.4902	0	0	0	0	0	0	0	0	0	0	0	0	0	0	0	0	0	0	0.41569	0.44314	0	0	0	0	0	
0	0	0	0.30588	0.24314	0	0	0	0	0	0	0	0	0	0	0	0	0	0	0	0	0	0.36863	0.18431	0	0	0	0	0	0	
0	0	0.19608	0.35686	0	0	0	0	0	0	0	0	0	0	0	0	0	0	0	0	0	0.1098	0.44314	0	0	0	0	0	0	0	
0	0.25882	0.70196	0.29412	0.098039	0	0	0	0	0	0	0	0	0	0	0	0	0	0	0	0.098039	0.40392	0.047059	0	0	0	0	0	0	0	
0	0.1098	0.33333	0.39216	0.70196	0.55294	0.40392	0.1098	0.035294	0	0	0	0	0	0	0	0	0	0	0.058824	0.4549	0.035294	0	0	0	0	0	0	0	0	
0	0	0	0	0	0	0.1451	0.44314	0.51765	0.55294	0.30588	0	0	0	0	0	0	0	0.058824	0.4902	0	0	0	0	0	0	0	0	0	0	
0	0	0	0	0	0	0	0	0	0	0.24314	0.55294	0.52941	0.44314	0.44314	0.24314	0	0.098039	0.50588	0.44314	0.24314	0	0	0	0	0	0	0	0	0	
0	0	0	0	0	0	0	0	0	0	0	0	0.023529	0.1098	0.1098	0.30588	0.73725	0.65098	0.65098	0.1098	0.058824	0	0	0	0	0	0	0	0	0	
0	0	0	0	0	0	0	0	0	0	0	0	0	0	0	0.46667	0.51765	0.47843	0.070588	0	0	0	0	0	0	0	0	0	0	0	
0	0	0	0	0	0	0	0	0	0	0	0	0	0	0	0.33333	0.21961	0	0	0	0	0	0	0	0	0	0	0	0	0	
0	0	0	0	0	0	0	0	0	0	0	0	0	0	0	0	0	0	0	0	0	0	0	0	0	0	0	0	0	0	
0	0	0	0	0	0	0	0	0	0	0	0	0	0	0	0	0	0	0	0	0	0	0	0	0	0	0	0	0	0	
0	0	0	0	0	0	0	0	0	0	0	0	0	0	0	0	0	0	0	0	0	0	0	0	0	0	0	0	0	0	
0	0	0	0	0	0	0	0	0	0	0	0	0	0	0	0	0	0	0	0	0	0	0	0	0	0	0	0	0	0	
0	0	0	0	0	0	0	0	0	0	0	0	0	0	0	0	0	0	0	0	0	0	0	0	0	0	0	0	0	0	
0	0	0	0	0	0	0	0	0	0	0	0	0	0	0	0	0	0	0	0	0	0	0	0	0	0	0	0	0	0	

1
1
30		30
1
696	531
663	497
710	535
1
692	533
87
696	531
693	532
692	532
691	532
690	532
689	532
688	532
686	531
685	531
683	531
681	530
679	530
677	529
675	529
673	528
672	528
670	527
669	527
667	527
667	526
666	526
665	526
664	526
663	526
663	525
664	525
665	524
666	522
667	521
668	519
670	516
672	513
674	510
676	507
678	505
680	502
682	500
684	499
685	498
686	497
687	497
688	497
689	498
690	498
691	499
692	499
694	500
695	500
697	501
698	502
699	502
701	503
702	503
704	504
705	504
706	504
707	505
708	505
709	505
710	505
710	506
710	507
710	508
710	509
710	510
709	511
709	512
708	513
707	514
706	516
704	518
703	520
701	521
700	523
698	525
696	527
694	529
693	530
691	532
689	533
688	534
687	535
688	535
689	535
690	534
691	534
692	533



0
3
30	30
0	0	0	0	0	0	0	0	0	0	0	0	0	0	0	0	0	0	0	0	0	0	0	0	0	0	0	0	0	0	
0	0	0	0	0	0	0	0	0.20784	0.36078	0	0	0	0	0	0	0	0	0	0	0	0	0	0	0	0	0	0	0	0	
0	0	0	0	0	0	0	0.027451	0.50588	0.18039	0.41569	0.011765	0	0	0	0	0	0	0	0	0	0	0	0	0	0	0	0	0	0	
0	0	0	0	0	0	0	0.40784	0.11373	0	0.12549	0.37647	0.11373	0	0	0	0	0	0	0	0	0	0	0	0	0	0	0	0	0	
0	0	0	0	0	0	0.098039	0.42353	0	0	0	0.15294	0.42745	0.16078	0.015686	0	0	0	0	0	0	0	0	0	0	0	0	0	0	0	
0	0	0	0	0	0	0.35686	0.16471	0	0	0	0	0	0.38039	0.38039	0	0	0	0	0	0	0	0	0	0	0	0	0	0	0	
0	0	0	0	0	0.094118	0.42745	0	0	0	0	0	0	0	0.14118	0.38039	0	0	0	0	0	0	0	0	0	0	0	0	0	0	
0	0	0	0	0	0.49412	0.027451	0	0	0	0	0	0	0	0	0.16078	0.51373	0.36078	0.15294	0	0	0	0	0	0	0	0	0	0	0	
0	0	0	0	0.21176	0.3098	0	0	0	0	0	0	0	0	0	0	0.027451	0.40784	0.41961	0	0	0	0	0	0	0	0	0	0	0	
0	0	0	0	0.3098	0.21176	0	0	0	0	0	0	0	0	0	0	0.027451	0.52549	0.11373	0	0	0	0	0	0	0	0	0	0	0	
0	0	0	0.2	0.32157	0	0	0	0	0	0	0	0	0	0	0	0.15686	0.36471	0	0	0	0	0	0	0	0	0	0	0	0	
0	0	0	0.42745	0.094118	0	0	0	0	0	0	0	0	0	0	0	0.35686	0.16471	0	0	0	0	0	0	0	0	0	0	0	0	
0	0	0	0.52549	0	0	0	0	0	0	0	0	0	0	0	0.20784	0.31373	0	0	0	0	0	0	0	0	0	0	0	0	0	
0	0	0.33333	0.18824	0	0	0	0	0	0	0	0	0	0	0	0.49412	0.027451	0	0	0	0	0	0	0	0	0	0	0	0	0	
0	0	0.49412	0.027451	0	0	0	0	0	0	0	0	0	0	0.21176	0.3098	0	0	0	0	0	0	0	0	0	0	0	0	0	0	
0	0.30588	0.21961	0	0	0	0	0	0	0	0	0	0	0	0.45098	0.070588	0	0	0	0	0	0	0	0	0	0	0	0	0	0	
0	0.41961	0.15294	0	0	0	0	0	0	0	0	0	0	0.2	0.32157	0	0	0	0	0	0	0	0	0	0	0	0	0	0	0	
0	0.18824	0.77255	0.082353	0	0	0	0	0	0	0	0	0	0.42745	0.094118	0	0	0	0	0	0	0	0	0	0	0	0	0	0	0	
0	0	0	0.42745	0.094118	0	0	0	0	0	0	0	0.16471	0.35686	0	0	0	0	0	0	0	0	0	0	0	0	0	0	0	0	
0	0	0	0.027451	0.4	0.094118	0	0	0	0	0	0	0.42353	0.098039	0	0	0	0	0	0	0	0	0	0	0	0	0	0	0	0	
0	0	0	0	0.18824	0.33333	0	0	0	0	0	0.11373	0.40784	0	0	0	0	0	0	0	0	0	0	0	0	0	0	0	0	0	
0	0	0	0	0	0.46667	0.054902	0	0	0	0	0.41961	0.10196	0	0	0	0	0	0	0	0	0	0	0	0	0	0	0	0	0	
0	0	0	0	0	0.18824	0.33333	0	0	0	0	0.48627	0.035294	0	0	0	0	0	0	0	0	0	0	0	0	0	0	0	0	0	
0	0	0	0	0	0	0.32157	0.2	0	0	0	0.52549	0	0	0	0	0	0	0	0	0	0	0	0	0	0	0	0	0	0	
0	0	0	0	0	0	0.082353	0.43922	0	0	0.47059	0.33725	0	0	0	0	0	0	0	0	0	0	0	0	0	0	0	0	0	0	
0	0	0	0	0	0	0	0.37255	0.15294	0	0.4902	0.031373	0	0	0	0	0	0	0	0	0	0	0	0	0	0	0	0	0	0	
0	0	0	0	0	0	0	0.07451	0.44706	0.14118	0.52549	0	0	0	0	0	0	0	0	0	0	0	0	0	0	0	0	0	0	0	
0	0	0	0	0	0	0	0	0.46667	0.48627	0.14118	0	0	0	0	0	0	0	0	0	0	0	0	0	0	0	0	0	0	0	
0	0	0	0	0	0	0	0	0.015686	0.16863	0	0	0	0	0	0	0	0	0	0	0	0	0	0	0	0	0	0	0	0	
0	0	0	0	0	0	0	0	0	0	0	0	0	0	0	0	0	0	0	0	0	0	0	0	0	0	0	0	0	0	

1
1
30		30
1
627	464
613	416
644	464
1
630	459
82
627	464
627	463
626	463
626	462
625	461
625	460
624	458
623	456
622	455
621	453
620	451
619	449
618	448
617	447
616	446
615	445
614	445
614	444
613	444
613	444
613	443
613	441
614	440
615	438
616	436
617	433
619	430
620	427
622	424
623	422
624	420
625	418
626	417
626	416
627	416
628	416
629	417
630	418
631	419
632	420
634	421
635	422
637	423
638	424
639	425
640	426
641	426
642	427
643	427
644	427
644	428
644	429
643	429
643	430
642	431
642	433
641	434
640	436
639	438
638	440
637	442
636	444
635	446
634	448
633	449
633	450
632	452
632	453
631	454
631	455
631	456
631	457
630	457
630	458
630	459
629	460
629	461
629	462
628	462
629	461
629	460
630	459



0
3
30	30
0	0	0	0	0	0	0	0	0	0	0	0	0	0	0	0	0	0	0	0	0	0	0	0	0	0	0	0	0	0	
0	0	0	0	0	0	0	0	0	0	0	0	0	0	0	0	0.058824	0.41176	0.4902	0.10588	0	0	0	0	0	0	0	0	0	0	
0	0	0	0	0	0	0	0	0	0	0	0	0	0	0	0.38824	0.45882	0.26275	0.18431	0.50588	0.29804	0	0	0	0	0	0	0	0	0	
0	0	0	0	0	0	0	0	0	0	0	0.0039216	0.086275	0.35294	0.62353	0.23529	0.011765	0	0	0	0.13333	0.43137	0.41176	0.070588	0	0	0	0	0	0	
0	0	0	0	0	0	0	0	0	0.062745	0.21569	0.41961	0.3451	0.078431	0	0	0	0	0	0	0	0	0.019608	0.36078	0.43137	0.24706	0.19608	0	0	0	
0	0	0	0	0	0	0.12941	0.38824	0.43137	0.36863	0.21569	0.0039216	0	0	0	0	0	0	0	0	0	0	0	0	0	0.18431	0.45882	0.42745	0	0	
0	0	0	0.019608	0.27059	0.43137	0.29804	0.043137	0	0	0	0	0	0	0	0	0	0	0	0	0	0	0	0	0	0	0.0039216	0.43922	0.41176	0	
0	0.11373	0.26275	0.41176	0.16078	0	0	0	0	0	0	0	0	0	0	0	0	0	0	0	0	0	0	0	0	0	0	0.2	0.31373	0	
0	0.47059	0.6902	0.023529	0	0	0	0	0	0	0	0	0	0	0	0	0	0	0	0	0	0	0	0	0	0	0.17255	0.32157	0.058824	0	
0	0	0.10196	0.41961	0.35686	0	0	0	0	0	0	0	0	0	0	0	0	0	0	0	0	0	0	0	0	0	0.43922	0	0	0	
0	0	0	0.011765	0.45098	0.16471	0	0	0	0	0	0	0	0	0	0	0	0	0	0	0	0	0	0	0.035294	0.38824	0.011765	0	0	0	
0	0	0	0	0.043137	0.39608	0.18824	0	0	0	0	0	0	0	0	0	0	0	0	0	0	0	0	0	0.32941	0.10588	0	0	0	0	
0	0	0	0	0	0	0.23922	0.19608	0	0	0	0	0	0	0	0	0	0	0	0	0	0	0	0.1451	0.29412	0	0	0	0	0	
0	0	0	0	0	0	0	0.23529	0.37255	0.019608	0	0	0	0	0	0	0	0	0	0	0	0	0.10196	0.36471	0.0078431	0	0	0	0	0	
0	0	0	0	0	0	0	0	0.058824	0.3451	0.12549	0	0	0	0	0	0	0	0	0	0.054902	0.29804	0.52157	0	0	0	0	0	0	0	
0	0	0	0	0	0	0	0	0	0.062745	0.30588	0.16471	0	0	0	0	0	0	0	0.20392	0.46667	0.20784	0	0	0	0	0	0	0	0	
0	0	0	0	0	0	0	0	0	0	0	0.26667	0.35294	0.027451	0	0	0	0.011765	0.25882	0.6	0.023529	0	0	0	0	0	0	0	0	0	
0	0	0	0	0	0	0	0	0	0	0	0	0.078431	0.40392	0.12549	0	0	0.42745	0.62353	0	0	0	0	0	0	0	0	0	0	0	
0	0	0	0	0	0	0	0	0	0	0	0	0	0	0.30588	0.43137	0.23922	0.48627	0.019608	0	0	0	0	0	0	0	0	0	0	0	
0	0	0	0	0	0	0	0	0	0	0	0	0	0	0	0	0	0	0	0	0	0	0	0	0	0	0	0	0	0	
0	0	0	0	0	0	0	0	0	0	0	0	0	0	0	0	0	0	0	0	0	0	0	0	0	0	0	0	0	0	
0	0	0	0	0	0	0	0	0	0	0	0	0	0	0	0	0	0	0	0	0	0	0	0	0	0	0	0	0	0	
0	0	0	0	0	0	0	0	0	0	0	0	0	0	0	0	0	0	0	0	0	0	0	0	0	0	0	0	0	0	
0	0	0	0	0	0	0	0	0	0	0	0	0	0	0	0	0	0	0	0	0	0	0	0	0	0	0	0	0	0	
0	0	0	0	0	0	0	0	0	0	0	0	0	0	0	0	0	0	0	0	0	0	0	0	0	0	0	0	0	0	
0	0	0	0	0	0	0	0	0	0	0	0	0	0	0	0	0	0	0	0	0	0	0	0	0	0	0	0	0	0	
0	0	0	0	0	0	0	0	0	0	0	0	0	0	0	0	0	0	0	0	0	0	0	0	0	0	0	0	0	0	
0	0	0	0	0	0	0	0	0	0	0	0	0	0	0	0	0	0	0	0	0	0	0	0	0	0	0	0	0	0	
0	0	0	0	0	0	0	0	0	0	0	0	0	0	0	0	0	0	0	0	0	0	0	0	0	0	0	0	0	0	
0	0	0	0	0	0	0	0	0	0	0	0	0	0	0	0	0	0	0	0	0	0	0	0	0	0	0	0	0	0	

1
1
30		30
1
577	552
545	513
606	552
1
582	549
127
577	552
578	552
577	552
576	552
575	552
574	551
573	550
571	549
570	548
568	547
566	545
564	544
562	542
560	541
558	539
556	537
554	536
553	534
552	533
551	533
551	532
551	531
550	531
549	531
548	530
547	530
547	529
546	529
545	529
545	528
546	528
547	528
548	527
549	527
551	526
553	525
556	524
558	523
561	522
563	522
566	521
568	520
570	519
571	519
573	518
574	518
574	517
575	517
576	517
576	516
577	516
578	516
579	515
580	515
580	514
581	514
582	514
582	513
583	513
583	514
584	514
585	514
585	515
586	515
587	515
588	516
589	517
590	517
591	518
592	518
593	518
594	519
595	519
596	520
597	520
598	520
599	521
600	521
601	521
602	521
602	522
603	522
603	523
604	523
604	524
605	524
605	525
606	525
606	526
605	527
605	528
604	528
603	529
602	530
601	532
600	533
599	534
598	536
597	537
596	539
595	540
594	541
593	542
592	542
592	543
591	543
590	544
589	544
589	545
588	545
587	546
586	546
586	547
585	547
585	548
584	548
584	549
583	549
583	550
582	550
582	551
581	551
581	552
580	552
581	551
582	550
582	549




