0
3
30	30
0	0	0	0	0	0	0	0.13725	0.05098	0	0	0	0	0	0	0	0	0	0	0	0	0	0	0	0	0	0	0	0	0	
0	0	0	0	0	0	0.13333	0.26667	0.27451	0	0	0	0	0	0	0	0	0	0	0	0	0	0	0	0	0	0	0	0	0	
0	0	0	0	0	0.12157	0.11765	0.098039	0.22353	0.078431	0	0	0	0	0	0	0	0	0	0	0	0	0	0	0	0	0	0	0	0	
0	0	0	0	0.10196	0.098039	0	0.098039	0.098039	0.2	0	0	0	0	0	0	0	0	0	0	0	0	0	0	0	0	0	0	0	0	
0	0	0	0.023529	0.17255	0	0	0.098039	0.098039	0.027451	0.16863	0	0	0	0	0	0	0	0	0	0	0	0	0	0	0	0	0	0	0	
0	0	0	0.18824	0.011765	0	0	0.098039	0.098039	0	0.1451	0.05098	0	0	0	0	0	0	0	0	0	0	0	0	0	0	0	0	0	0	
0	0	0.090196	0.1098	0	0	0	0.098039	0.098039	0	0	0.2	0	0	0	0	0	0	0	0	0	0	0	0	0	0	0	0	0	0	
0	0.047059	0.15686	0	0	0	0	0.098039	0.098039	0	0	0.035294	0.16471	0	0	0	0	0	0	0	0	0	0	0	0	0	0	0	0	0	
0.078431	0.27843	0.0039216	0	0	0	0	0.098039	0.098039	0	0	0	0.16863	0.027451	0	0	0	0	0	0	0	0	0	0	0	0	0	0	0	0	
0	0.0039216	0	0	0	0	0	0.098039	0.098039	0	0	0	0	0.2	0	0	0	0	0	0	0	0	0	0	0	0	0	0	0	0	
0	0	0	0	0	0	0	0.098039	0.098039	0	0	0	0	0.015686	0.18039	0	0	0	0	0	0	0	0	0	0	0	0	0	0	0	
0	0	0	0	0	0	0	0.098039	0.098039	0	0	0	0	0	0.2	0	0	0	0	0	0	0	0	0	0	0	0	0	0	0	
0	0	0	0	0	0	0	0.098039	0.098039	0	0	0	0	0	0.039216	0.15686	0	0	0	0	0	0	0	0	0	0	0	0	0	0	
0	0	0	0	0	0	0	0.098039	0.098039	0	0	0	0	0	0	0	0	0	0	0	0	0	0	0	0	0	0	0	0	0	
0	0	0	0	0	0	0	0.098039	0.098039	0	0	0	0	0	0	0	0	0	0	0	0	0	0	0	0	0	0	0	0	0	
0	0	0	0	0	0	0	0.098039	0.098039	0	0	0	0	0	0	0	0	0	0	0	0	0	0	0	0	0	0	0	0	0	
0	0	0	0	0	0	0	0.098039	0.098039	0	0	0	0	0	0	0	0	0	0	0	0	0	0	0	0	0	0	0	0	0	
0	0	0	0	0	0	0	0.098039	0.098039	0	0	0	0	0	0	0	0	0	0	0	0	0	0	0	0	0	0	0	0	0	
0	0	0	0	0	0	0	0.098039	0.098039	0	0	0	0	0	0	0	0	0	0	0	0	0	0	0	0	0	0	0	0	0	
0	0	0	0	0	0	0	0.098039	0.098039	0	0	0	0	0	0	0	0	0	0	0	0	0	0	0	0	0	0	0	0	0	
0	0	0	0	0	0	0	0.098039	0.098039	0	0	0	0	0	0	0	0	0	0	0	0	0	0	0	0	0	0	0	0	0	
0	0	0	0	0	0	0	0.098039	0.098039	0	0	0	0	0	0	0	0	0	0	0	0	0	0	0	0	0	0	0	0	0	
0	0	0	0	0	0	0	0.098039	0.098039	0	0	0	0	0	0	0	0	0	0	0	0	0	0	0	0	0	0	0	0	0	
0	0	0	0	0	0	0	0.098039	0.098039	0	0	0	0	0	0	0	0	0	0	0	0	0	0	0	0	0	0	0	0	0	
0	0	0	0	0	0	0	0.098039	0.098039	0	0	0	0	0	0	0	0	0	0	0	0	0	0	0	0	0	0	0	0	0	
0	0	0	0	0	0	0	0.098039	0.098039	0	0	0	0	0	0	0	0	0	0	0	0	0	0	0	0	0	0	0	0	0	
0	0	0	0	0	0	0	0.098039	0.098039	0	0	0	0	0	0	0	0	0	0	0	0	0	0	0	0	0	0	0	0	0	
0	0	0	0	0	0	0	0.098039	0.098039	0	0	0	0	0	0	0	0	0	0	0	0	0	0	0	0	0	0	0	0	0	
0	0	0	0	0	0	0	0.098039	0.098039	0	0	0	0	0	0	0	0	0	0	0	0	0	0	0	0	0	0	0	0	0	
0	0	0	0	0	0	0	0.035294	0.035294	0	0	0	0	0	0	0	0	0	0	0	0	0	0	0	0	0	0	0	0	0	

1
1
30		30
2
36	135
33	96
105	154
1
105	154
25
36	135
33	134
34	134
37	132
39	131
48	119
51	114
58	105
64	101
64	99
66	99
66	98
67	96
69	96
70	97
73	103
78	111
81	115
87	124
93	132
94	135
97	139
100	142
103	148
105	154

	69	99
69	99
69	232
1
69	232
27
69	99
69	100
69	108
69	111
69	123
69	136
69	142
69	148
69	165
69	171
69	181
69	189
69	190
69	193
69	196
69	199
69	202
69	211
69	213
69	216
69	217
69	219
69	220
69	223
69	226
69	229
69	232



0
3
30	30
0	0	0	0	0	0	0	0	0	0	0	0	0	0	0	0	0	0	0	0	0	0.10196	0.082353	0	0	0	0	0	0	0	
0	0	0	0	0	0	0	0	0	0	0	0	0	0	0	0	0	0	0	0	0	0	0.27059	0.1098	0	0	0	0	0	0	
0	0	0	0	0	0	0	0	0	0	0	0	0	0	0	0	0	0	0	0	0	0	0	0.12549	0.23922	0.098039	0	0	0	0	
0	0	0	0	0	0	0	0	0	0	0	0	0	0	0	0	0	0	0	0	0	0	0	0	0	0.13725	0.23922	0.082353	0	0	
0	0	0	0	0	0	0	0	0	0	0	0	0	0	0	0	0	0	0	0	0	0	0	0	0	0	0	0.15294	0.27843	0.05098	
0.12157	0.35686	0.23922	0.23922	0.23922	0.23922	0.23922	0.23922	0.23922	0.23922	0.23922	0.23922	0.23922	0.23922	0.23922	0.23922	0.23922	0.23922	0.23922	0.23922	0.23922	0.23922	0.23922	0.23922	0.23922	0.18824	0	0	0.07451	0.18824	
0	0	0	0	0	0	0	0	0	0	0	0	0	0	0	0	0	0	0	0	0	0	0	0	0	0	0	0	0.30196	0	
0	0	0	0	0	0	0	0	0	0	0	0	0	0	0	0	0	0	0	0	0	0	0	0	0	0	0	0.19216	0.05098	0	
0	0	0	0	0	0	0	0	0	0	0	0	0	0	0	0	0	0	0	0	0	0	0	0	0	0	0.2	0.043137	0	0	
0	0	0	0	0	0	0	0	0	0	0	0	0	0	0	0	0	0	0	0	0	0	0	0	0.031373	0.23529	0.035294	0	0	0	
0	0	0	0	0	0	0	0	0	0	0	0	0	0	0	0	0	0	0	0	0	0	0.035294	0.23529	0.20392	0	0	0	0	0	
0	0	0	0	0	0	0	0	0	0	0	0	0	0	0	0	0	0	0	0	0	0	0.05098	0.015686	0	0	0	0	0	0	
0	0	0	0	0	0	0	0	0	0	0	0	0	0	0	0	0	0	0	0	0	0	0	0	0	0	0	0	0	0	
0	0	0	0	0	0	0	0	0	0	0	0	0	0	0	0	0	0	0	0	0	0	0	0	0	0	0	0	0	0	
0	0	0	0	0	0	0	0	0	0	0	0	0	0	0	0	0	0	0	0	0	0	0	0	0	0	0	0	0	0	
0	0	0	0	0	0	0	0	0	0	0	0	0	0	0	0	0	0	0	0	0	0	0	0	0	0	0	0	0	0	
0	0	0	0	0	0	0	0	0	0	0	0	0	0	0	0	0	0	0	0	0	0	0	0	0	0	0	0	0	0	
0	0	0	0	0	0	0	0	0	0	0	0	0	0	0	0	0	0	0	0	0	0	0	0	0	0	0	0	0	0	
0	0	0	0	0	0	0	0	0	0	0	0	0	0	0	0	0	0	0	0	0	0	0	0	0	0	0	0	0	0	
0	0	0	0	0	0	0	0	0	0	0	0	0	0	0	0	0	0	0	0	0	0	0	0	0	0	0	0	0	0	
0	0	0	0	0	0	0	0	0	0	0	0	0	0	0	0	0	0	0	0	0	0	0	0	0	0	0	0	0	0	
0	0	0	0	0	0	0	0	0	0	0	0	0	0	0	0	0	0	0	0	0	0	0	0	0	0	0	0	0	0	
0	0	0	0	0	0	0	0	0	0	0	0	0	0	0	0	0	0	0	0	0	0	0	0	0	0	0	0	0	0	
0	0	0	0	0	0	0	0	0	0	0	0	0	0	0	0	0	0	0	0	0	0	0	0	0	0	0	0	0	0	
0	0	0	0	0	0	0	0	0	0	0	0	0	0	0	0	0	0	0	0	0	0	0	0	0	0	0	0	0	0	
0	0	0	0	0	0	0	0	0	0	0	0	0	0	0	0	0	0	0	0	0	0	0	0	0	0	0	0	0	0	
0	0	0	0	0	0	0	0	0	0	0	0	0	0	0	0	0	0	0	0	0	0	0	0	0	0	0	0	0	0	
0	0	0	0	0	0	0	0	0	0	0	0	0	0	0	0	0	0	0	0	0	0	0	0	0	0	0	0	0	0	
0	0	0	0	0	0	0	0	0	0	0	0	0	0	0	0	0	0	0	0	0	0	0	0	0	0	0	0	0	0	
0	0	0	0	0	0	0	0	0	0	0	0	0	0	0	0	0	0	0	0	0	0	0	0	0	0	0	0	0	0	

1
1
30		30
2
185	170
183	168
283	170
1
283	168
15
185	170
183	170
184	168
207	168
228	168
238	168
249	168
252	168
253	168
255	168
258	168
270	168
274	168
279	168
283	168

	269	149
267	149
297	192
1
272	192
25
269	149
267	149
268	149
270	151
271	153
273	153
277	156
280	157
285	160
291	163
292	163
295	165
295	166
297	166
297	168
297	169
296	171
294	172
293	175
291	177
290	178
284	184
278	189
273	190
272	192



0
3
30	30
0	0	0	0	0	0.058824	0	0	0	0	0	0	0	0	0	0	0	0	0	0	0	0	0	0	0	0	0	0	0	0	
0	0	0	0	0	0.22745	0	0	0	0	0	0	0	0	0	0	0	0	0	0	0	0	0	0	0	0	0	0	0	0	
0	0	0	0	0	0.22745	0	0	0	0	0	0	0	0	0	0	0	0	0	0	0	0	0	0	0	0	0	0	0	0	
0	0	0	0	0	0.22745	0	0	0	0	0	0	0	0	0	0	0	0	0	0	0	0	0	0	0	0	0	0	0	0	
0	0	0	0	0	0.22745	0	0	0	0	0	0	0	0	0	0	0	0	0	0	0	0	0	0	0	0	0	0	0	0	
0	0	0	0	0	0.22745	0	0	0	0	0	0	0	0	0	0	0	0	0	0	0	0	0	0	0	0	0	0	0	0	
0	0	0	0	0	0.22745	0	0	0	0	0	0	0	0	0	0	0	0	0	0	0	0	0	0	0	0	0	0	0	0	
0	0	0	0	0	0.22745	0	0	0	0	0	0	0	0	0	0	0	0	0	0	0	0	0	0	0	0	0	0	0	0	
0	0	0	0	0	0.22745	0	0	0	0	0	0	0	0	0	0	0	0	0	0	0	0	0	0	0	0	0	0	0	0	
0	0	0	0	0	0.22745	0	0	0	0	0	0	0	0	0	0	0	0	0	0	0	0	0	0	0	0	0	0	0	0	
0	0	0	0	0	0.22745	0	0	0	0	0	0	0	0	0	0	0	0	0	0	0	0	0	0	0	0	0	0	0	0	
0	0	0	0	0	0.22745	0	0	0	0	0	0	0	0	0	0	0	0	0	0	0	0	0	0	0	0	0	0	0	0	
0	0	0	0	0	0.22745	0	0	0	0	0	0	0	0	0	0	0	0	0	0	0	0	0	0	0	0	0	0	0	0	
0	0	0	0	0	0.22745	0	0	0	0	0	0	0	0	0	0	0	0	0	0	0	0	0	0	0	0	0	0	0	0	
0	0	0	0	0	0.22745	0	0	0	0	0	0	0	0	0	0	0	0	0	0	0	0	0	0	0	0	0	0	0	0	
0	0	0	0	0	0.22745	0	0	0	0	0	0	0	0	0	0	0	0	0	0	0	0	0	0	0	0	0	0	0	0	
0	0	0	0	0	0.22745	0	0	0	0	0	0	0	0	0	0	0	0	0	0	0	0	0	0	0	0	0	0	0	0	
0	0	0	0	0	0.22745	0	0	0	0	0	0	0	0.043137	0	0	0	0	0	0	0	0	0	0	0	0	0	0	0	0	
0	0	0	0	0	0.22745	0	0	0	0	0	0	0.17647	0.05098	0	0	0	0	0	0	0	0	0	0	0	0	0	0	0	0	
0	0	0	0	0	0.22745	0	0	0	0	0	0	0.22745	0	0	0	0	0	0	0	0	0	0	0	0	0	0	0	0	0	
0.078431	0.1451	0	0	0	0.22745	0	0	0	0	0	0.13333	0.094118	0	0	0	0	0	0	0	0	0	0	0	0	0	0	0	0	0	
0.18039	0.15686	0	0	0	0.22745	0	0	0	0	0	0.22745	0	0	0	0	0	0	0	0	0	0	0	0	0	0	0	0	0	0	
0	0.19608	0.031373	0	0	0.22745	0	0	0	0	0.011765	0.21176	0	0	0	0	0	0	0	0	0	0	0	0	0	0	0	0	0	0	
0	0	0.22745	0	0	0.22745	0	0	0	0.011765	0.21176	0	0	0	0	0	0	0	0	0	0	0	0	0	0	0	0	0	0	0	
0	0	0.090196	0.13333	0	0.22745	0	0	0	0.18824	0.035294	0	0	0	0	0	0	0	0	0	0	0	0	0	0	0	0	0	0	0	
0	0	0	0.20784	0.015686	0.22745	0	0	0.15686	0.070588	0	0	0	0	0	0	0	0	0	0	0	0	0	0	0	0	0	0	0	0	
0	0	0	0.0078431	0.21961	0.36078	0	0.14118	0.086275	0	0	0	0	0	0	0	0	0	0	0	0	0	0	0	0	0	0	0	0	0	
0	0	0	0	0.058824	0.21569	0.070588	0.15294	0	0	0	0	0	0	0	0	0	0	0	0	0	0	0	0	0	0	0	0	0	0	
0	0	0	0	0	0.22745	0.22745	0	0	0	0	0	0	0	0	0	0	0	0	0	0	0	0	0	0	0	0	0	0	0	
0	0	0	0	0	0.066667	0.10588	0	0	0	0	0	0	0	0	0	0	0	0	0	0	0	0	0	0	0	0	0	0	0	

1
1
30		30
2
400	174
397	164
451	210
1
451	164
20
400	174
399	174
397	176
398	180
400	180
401	182
403	185
412	198
418	206
419	209
419	210
421	210
421	209
427	200
434	193
437	190
442	184
445	176
448	172
451	164

	417	200
417	94
419	201
1
419	94
14
417	200
417	201
418	201
419	201
419	200
419	196
419	191
419	170
419	161
419	154
419	146
419	115
419	109
419	94



0
3
30	30
0	0	0	0	0	0	0	0	0	0.12549	0.1451	0.090196	0	0	0	0	0	0	0	0	0	0	0	0	0	0	0	0	0	0	
0	0	0	0	0	0.027451	0.13725	0.1451	0.1451	0.015686	0	0	0	0	0	0	0	0	0	0	0	0	0	0	0	0	0	0	0	0	
0	0	0.035294	0.1451	0.1451	0.11765	0.0078431	0	0	0	0	0	0	0	0	0	0	0	0	0	0	0	0	0	0	0	0	0	0	0	
0.13725	0.29412	0.25882	0.1451	0.1451	0.1451	0.1451	0.1451	0.1451	0.1451	0.1451	0.1451	0.1451	0.1451	0.1451	0.1451	0.1451	0.1451	0.1451	0.1451	0.1451	0.1451	0.1451	0.1451	0.1451	0.1451	0.1451	0.1451	0.1451	0.078431	
0.07451	0.13333	0.015686	0	0	0	0	0	0	0	0	0	0	0	0	0	0	0	0	0	0	0	0	0	0	0	0	0	0	0	
0	0.0078431	0.12549	0.1451	0.1451	0.066667	0	0	0	0	0	0	0	0	0	0	0	0	0	0	0	0	0	0	0	0	0	0	0	0	
0	0	0	0	0	0.078431	0.1451	0.1451	0.12157	0	0	0	0	0	0	0	0	0	0	0	0	0	0	0	0	0	0	0	0	0	
0	0	0	0	0	0	0	0	0.019608	0.1451	0.1098	0	0	0	0	0	0	0	0	0	0	0	0	0	0	0	0	0	0	0	
0	0	0	0	0	0	0	0	0	0	0.035294	0.11373	0	0	0	0	0	0	0	0	0	0	0	0	0	0	0	0	0	0	
0	0	0	0	0	0	0	0	0	0	0	0	0	0	0	0	0	0	0	0	0	0	0	0	0	0	0	0	0	0	
0	0	0	0	0	0	0	0	0	0	0	0	0	0	0	0	0	0	0	0	0	0	0	0	0	0	0	0	0	0	
0	0	0	0	0	0	0	0	0	0	0	0	0	0	0	0	0	0	0	0	0	0	0	0	0	0	0	0	0	0	
0	0	0	0	0	0	0	0	0	0	0	0	0	0	0	0	0	0	0	0	0	0	0	0	0	0	0	0	0	0	
0	0	0	0	0	0	0	0	0	0	0	0	0	0	0	0	0	0	0	0	0	0	0	0	0	0	0	0	0	0	
0	0	0	0	0	0	0	0	0	0	0	0	0	0	0	0	0	0	0	0	0	0	0	0	0	0	0	0	0	0	
0	0	0	0	0	0	0	0	0	0	0	0	0	0	0	0	0	0	0	0	0	0	0	0	0	0	0	0	0	0	
0	0	0	0	0	0	0	0	0	0	0	0	0	0	0	0	0	0	0	0	0	0	0	0	0	0	0	0	0	0	
0	0	0	0	0	0	0	0	0	0	0	0	0	0	0	0	0	0	0	0	0	0	0	0	0	0	0	0	0	0	
0	0	0	0	0	0	0	0	0	0	0	0	0	0	0	0	0	0	0	0	0	0	0	0	0	0	0	0	0	0	
0	0	0	0	0	0	0	0	0	0	0	0	0	0	0	0	0	0	0	0	0	0	0	0	0	0	0	0	0	0	
0	0	0	0	0	0	0	0	0	0	0	0	0	0	0	0	0	0	0	0	0	0	0	0	0	0	0	0	0	0	
0	0	0	0	0	0	0	0	0	0	0	0	0	0	0	0	0	0	0	0	0	0	0	0	0	0	0	0	0	0	
0	0	0	0	0	0	0	0	0	0	0	0	0	0	0	0	0	0	0	0	0	0	0	0	0	0	0	0	0	0	
0	0	0	0	0	0	0	0	0	0	0	0	0	0	0	0	0	0	0	0	0	0	0	0	0	0	0	0	0	0	
0	0	0	0	0	0	0	0	0	0	0	0	0	0	0	0	0	0	0	0	0	0	0	0	0	0	0	0	0	0	
0	0	0	0	0	0	0	0	0	0	0	0	0	0	0	0	0	0	0	0	0	0	0	0	0	0	0	0	0	0	
0	0	0	0	0	0	0	0	0	0	0	0	0	0	0	0	0	0	0	0	0	0	0	0	0	0	0	0	0	0	
0	0	0	0	0	0	0	0	0	0	0	0	0	0	0	0	0	0	0	0	0	0	0	0	0	0	0	0	0	0	
0	0	0	0	0	0	0	0	0	0	0	0	0	0	0	0	0	0	0	0	0	0	0	0	0	0	0	0	0	0	
0	0	0	0	0	0	0	0	0	0	0	0	0	0	0	0	0	0	0	0	0	0	0	0	0	0	0	0	0	0	

1
1
30		30
2
608	184
535	130
608	184
1
607	130
18
608	184
606	184
594	176
586	173
565	167
558	166
546	161
541	160
538	157
535	154
535	152
536	152
538	152
545	149
571	140
590	134
601	131
607	130

	540	153
537	153
724	153
1
724	153
13
540	153
538	153
537	153
538	153
542	153
550	153
586	153
599	153
616	153
674	153
692	153
707	153
724	153



0
3
30	30
0	0	0	0.18039	0	0	0	0	0	0	0	0	0	0	0	0	0	0	0	0	0	0	0	0	0	0	0	0	0	0	
0	0	0.054902	0.23137	0.17647	0	0	0	0	0	0	0	0	0	0	0	0	0	0	0	0	0	0	0	0	0	0	0	0	0	
0	0	0.23137	0	0.3098	0.1098	0	0	0	0	0	0	0	0	0	0	0	0	0	0	0	0	0	0	0	0	0	0	0	0	
0	0	0.23137	0	0.23137	0.18824	0.043137	0	0	0	0	0	0	0	0	0	0	0	0	0	0	0	0	0	0	0	0	0	0	0	
0	0.090196	0.14118	0	0.23137	0	0.23137	0	0	0	0	0	0	0	0	0	0	0	0	0	0	0	0	0	0	0	0	0	0	0	
0	0.23137	0	0	0.23137	0	0.023529	0.20784	0	0	0	0	0	0	0	0	0	0	0	0	0	0	0	0	0	0	0	0	0	0	
0.12549	0.16078	0	0	0.23137	0	0	0.031373	0.2	0	0	0	0	0	0	0	0	0	0	0	0	0	0	0	0	0	0	0	0	0	
0.18824	0	0	0	0.23137	0	0	0	0.039216	0.22353	0.054902	0	0	0	0	0	0	0	0	0	0	0	0	0	0	0	0	0	0	0	
0	0	0	0	0.23137	0	0	0	0	0.019608	0.011765	0	0	0	0	0	0	0	0	0	0	0	0	0	0	0	0	0	0	0	
0	0	0	0	0.23137	0	0	0	0	0	0	0	0	0	0	0	0	0	0	0	0	0	0	0	0	0	0	0	0	0	
0	0	0	0	0.23137	0	0	0	0	0	0	0	0	0	0	0	0	0	0	0	0	0	0	0	0	0	0	0	0	0	
0	0	0	0	0.23137	0	0	0	0	0	0	0	0	0	0	0	0	0	0	0	0	0	0	0	0	0	0	0	0	0	
0	0	0	0	0.23137	0	0	0	0	0	0	0	0	0	0	0	0	0	0	0	0	0	0	0	0	0	0	0	0	0	
0	0	0	0	0.23137	0	0	0	0	0	0	0	0	0	0	0	0	0	0	0	0	0	0	0	0	0	0	0	0	0	
0	0	0	0	0.23137	0	0	0	0	0	0	0	0	0	0	0	0	0	0	0	0	0	0	0	0	0	0	0	0	0	
0	0	0	0	0.23137	0	0	0	0	0	0	0	0	0	0	0	0	0	0	0	0	0	0	0	0	0	0	0	0	0	
0	0	0	0	0.20784	0.023529	0	0	0	0	0	0	0	0	0	0	0	0	0	0	0	0	0	0	0	0	0	0	0	0	
0	0	0	0	0.082353	0.1451	0	0	0	0	0	0	0	0	0	0	0	0	0	0	0	0	0	0	0	0	0	0	0	0	
0	0	0	0	0.0039216	0.22745	0	0	0	0	0	0	0	0	0	0	0	0	0	0	0	0	0	0	0	0	0	0	0	0	
0	0	0	0	0	0.23137	0	0	0	0	0	0	0	0	0	0	0	0	0	0	0	0	0	0	0	0	0	0	0	0	
0	0	0	0	0	0.23137	0	0	0	0	0	0	0	0	0	0	0	0	0	0	0	0	0	0	0	0	0	0	0	0	
0	0	0	0	0	0.23137	0	0	0	0	0	0	0	0	0	0	0	0	0	0	0	0	0	0	0	0	0	0	0	0	
0	0	0	0	0	0.23137	0	0	0	0	0	0	0	0	0	0	0	0	0	0	0	0	0	0	0	0	0	0	0	0	
0	0	0	0	0	0.23137	0	0	0	0	0	0	0	0	0	0	0	0	0	0	0	0	0	0	0	0	0	0	0	0	
0	0	0	0	0	0.23137	0	0	0	0	0	0	0	0	0	0	0	0	0	0	0	0	0	0	0	0	0	0	0	0	
0	0	0	0	0	0.23137	0	0	0	0	0	0	0	0	0	0	0	0	0	0	0	0	0	0	0	0	0	0	0	0	
0	0	0	0	0	0.23137	0	0	0	0	0	0	0	0	0	0	0	0	0	0	0	0	0	0	0	0	0	0	0	0	
0	0	0	0	0	0.23137	0	0	0	0	0	0	0	0	0	0	0	0	0	0	0	0	0	0	0	0	0	0	0	0	
0	0	0	0	0	0.23137	0	0	0	0	0	0	0	0	0	0	0	0	0	0	0	0	0	0	0	0	0	0	0	0	
0	0	0	0	0	0.062745	0	0	0	0	0	0	0	0	0	0	0	0	0	0	0	0	0	0	0	0	0	0	0	0	

1
1
30		30
2
846	137
846	109
886	138
1
886	138
21
846	137
846	136
846	134
846	133
847	133
848	131
848	130
850	127
853	121
854	118
854	115
856	112
857	109
859	109
860	111
871	125
874	128
877	131
883	137
884	138
886	138

	864	116
862	115
866	225
1
866	225
15
864	116
862	115
862	116
862	128
862	135
862	161
863	170
866	185
866	192
866	200
866	216
866	219
866	222
866	224
866	225



0
3
30	30
0	0	0	0	0	0	0	0	0	0	0	0	0	0	0	0	0	0	0.086275	0	0	0	0	0	0	0	0	0	0	0	
0	0	0	0	0	0	0	0	0	0	0	0	0	0	0	0	0	0	0.31765	0	0	0	0	0	0	0	0	0	0	0	
0	0	0	0	0	0	0	0	0	0	0	0	0	0	0	0	0	0	0.18824	0.2549	0	0	0	0	0	0	0	0	0	0	
0	0	0	0	0	0	0	0	0	0	0	0	0	0	0	0	0	0	0	0.18431	0.098039	0	0	0	0	0	0	0	0	0	
0	0	0	0	0	0	0	0	0	0	0	0	0	0	0	0	0	0	0	0	0.18039	0.16863	0	0	0	0	0	0	0	0	
0	0	0	0	0	0	0	0	0	0	0	0	0	0	0	0	0	0	0	0	0	0.1098	0.18824	0	0	0	0	0	0	0	
0	0	0	0	0	0	0	0	0	0	0	0	0	0	0	0	0	0	0	0	0	0	0.090196	0.19216	0	0	0	0	0	0	
0	0	0	0	0	0	0	0	0	0	0	0	0	0	0	0	0	0	0	0	0	0	0	0.082353	0.27843	0	0	0	0	0	
0	0	0	0	0	0	0	0	0	0	0	0	0	0	0	0	0	0	0	0	0	0	0	0	0.078431	0.27843	0.24314	0	0	0	
0.023529	0.17255	0.17255	0.17255	0.17255	0.17255	0.17255	0.17255	0.17255	0.17255	0.17255	0.17255	0.17255	0.17255	0.17255	0.17255	0.17255	0.17255	0.17255	0.26275	0.27843	0.27843	0.27843	0.27843	0.27843	0.27843	0.23529	0.31765	0.40392	0.062745	
0.011765	0.10196	0.10196	0.10196	0.10196	0.10196	0.10196	0.10196	0.10196	0.10196	0.10196	0.10196	0.10196	0.10196	0.10196	0.10196	0.10196	0.10196	0.10196	0.011765	0	0	0	0	0	0.027451	0.21176	0.27843	0.15294	0.011765	
0	0	0	0	0	0	0	0	0	0	0	0	0	0	0	0	0	0	0	0	0	0	0	0	0.27843	0.24706	0.062745	0	0	0	
0	0	0	0	0	0	0	0	0	0	0	0	0	0	0	0	0	0	0	0.047059	0.22353	0.27843	0.27843	0.27843	0.078431	0	0	0	0	0	
0	0	0	0	0	0	0	0	0	0	0	0	0	0	0	0	0.24314	0.2549	0.27843	0.22745	0.054902	0	0	0	0	0	0	0	0	0	
0	0	0	0	0	0	0	0	0	0	0	0	0	0.031373	0.27843	0.27843	0.031373	0.023529	0	0	0	0	0	0	0	0	0	0	0	0	
0	0	0	0	0	0	0	0	0	0	0	0	0	0.043137	0	0	0	0	0	0	0	0	0	0	0	0	0	0	0	0	
0	0	0	0	0	0	0	0	0	0	0	0	0	0	0	0	0	0	0	0	0	0	0	0	0	0	0	0	0	0	
0	0	0	0	0	0	0	0	0	0	0	0	0	0	0	0	0	0	0	0	0	0	0	0	0	0	0	0	0	0	
0	0	0	0	0	0	0	0	0	0	0	0	0	0	0	0	0	0	0	0	0	0	0	0	0	0	0	0	0	0	
0	0	0	0	0	0	0	0	0	0	0	0	0	0	0	0	0	0	0	0	0	0	0	0	0	0	0	0	0	0	
0	0	0	0	0	0	0	0	0	0	0	0	0	0	0	0	0	0	0	0	0	0	0	0	0	0	0	0	0	0	
0	0	0	0	0	0	0	0	0	0	0	0	0	0	0	0	0	0	0	0	0	0	0	0	0	0	0	0	0	0	
0	0	0	0	0	0	0	0	0	0	0	0	0	0	0	0	0	0	0	0	0	0	0	0	0	0	0	0	0	0	
0	0	0	0	0	0	0	0	0	0	0	0	0	0	0	0	0	0	0	0	0	0	0	0	0	0	0	0	0	0	
0	0	0	0	0	0	0	0	0	0	0	0	0	0	0	0	0	0	0	0	0	0	0	0	0	0	0	0	0	0	
0	0	0	0	0	0	0	0	0	0	0	0	0	0	0	0	0	0	0	0	0	0	0	0	0	0	0	0	0	0	
0	0	0	0	0	0	0	0	0	0	0	0	0	0	0	0	0	0	0	0	0	0	0	0	0	0	0	0	0	0	
0	0	0	0	0	0	0	0	0	0	0	0	0	0	0	0	0	0	0	0	0	0	0	0	0	0	0	0	0	0	
0	0	0	0	0	0	0	0	0	0	0	0	0	0	0	0	0	0	0	0	0	0	0	0	0	0	0	0	0	0	
0	0	0	0	0	0	0	0	0	0	0	0	0	0	0	0	0	0	0	0	0	0	0	0	0	0	0	0	0	0	

1
1
30		30
3
1138	154
1137	154
1175	192
1
1158	192
21
1138	154
1137	154
1137	155
1138	156
1139	159
1141	159
1141	161
1157	176
1159	177
1163	182
1168	183
1169	185
1172	185
1175	185
1175	186
1174	186
1171	188
1168	189
1162	191
1159	191
1158	192

	1158	195
1122	195
1158	204
1
1122	204
8
1158	195
1156	195
1155	195
1152	195
1141	198
1135	200
1129	201
1122	204

	1166	184
1077	184
1166	186
1
1077	186
13
1166	184
1165	184
1164	184
1162	184
1161	184
1158	184
1140	186
1123	186
1105	186
1098	186
1090	186
1081	186
1077	186



0
3
30	30
0	0	0	0	0	0	0	0	0	0	0	0	0	0	0	0	0	0	0	0	0	0	0	0	0	0	0	0	0	0	
0	0	0	0	0	0.058824	0.5098	0.078431	0	0	0	0	0	0	0	0	0	0	0	0	0	0	0	0	0	0	0	0	0	0	
0	0	0	0	0	0	0.30196	0.11373	0	0	0	0	0	0	0	0	0	0	0	0	0	0	0	0	0	0	0	0	0	0	
0	0	0	0	0	0	0.30196	0.11373	0	0	0	0	0	0	0	0	0	0	0	0	0	0	0	0	0	0	0	0	0	0	
0	0	0	0	0	0	0.30196	0.11373	0	0	0	0	0	0	0	0	0	0	0	0	0	0	0	0	0	0	0	0	0	0	
0	0	0	0	0	0	0.30196	0.11373	0	0	0	0	0	0	0	0	0	0	0	0	0	0	0	0	0	0	0	0	0	0	
0	0	0	0	0	0	0.30196	0.11373	0	0	0	0	0	0	0	0	0	0	0	0	0	0	0	0	0	0	0	0	0	0	
0	0	0	0	0	0	0.30196	0.11373	0	0	0	0	0	0	0	0	0	0	0	0	0	0	0	0	0	0	0	0	0	0	
0	0	0	0	0	0	0.30196	0.11373	0	0	0	0	0	0	0	0	0	0	0	0	0	0	0	0	0	0	0	0	0	0	
0	0	0	0	0	0	0.30196	0.11373	0	0	0	0	0	0	0	0	0	0	0	0	0	0	0	0	0	0	0	0	0	0	
0	0	0	0	0	0	0.30196	0.11373	0	0	0	0	0	0	0	0	0	0	0	0	0	0	0	0	0	0	0	0	0	0	
0	0	0	0	0	0	0.30196	0.11373	0	0	0	0	0	0	0	0	0	0	0	0	0	0	0	0	0	0	0	0	0	0	
0	0	0	0	0	0	0.30196	0.11373	0	0	0	0	0	0	0	0	0.082353	0	0	0	0	0	0	0	0	0	0	0	0	0	
0	0	0	0	0	0	0.30196	0.11373	0	0	0	0	0	0	0	0.17255	0.23922	0	0	0	0	0	0	0	0	0	0	0	0	0	
0	0	0	0	0	0	0.30196	0.11373	0	0	0	0	0	0	0	0.41569	0	0	0	0	0	0	0	0	0	0	0	0	0	0	
0	0	0	0	0	0	0.30196	0.11373	0	0	0	0	0	0	0.38431	0.027451	0	0	0	0	0	0	0	0	0	0	0	0	0	0	
0	0	0	0	0	0	0.30196	0.11373	0	0	0	0	0	0.12549	0.2902	0	0	0	0	0	0	0	0	0	0	0	0	0	0	0	
0	0	0	0	0	0	0.30196	0.11373	0	0	0	0	0	0.36863	0.047059	0	0	0	0	0	0	0	0	0	0	0	0	0	0	0	
0	0	0	0	0	0	0.30196	0.11373	0	0	0	0	0	0.41569	0	0	0	0	0	0	0	0	0	0	0	0	0	0	0	0	
0	0	0	0	0	0	0.30196	0.11373	0	0	0	0	0	0.41176	0	0	0	0	0	0	0	0	0	0	0	0	0	0	0	0	
0	0	0	0	0	0	0.30196	0.11373	0	0	0	0	0.30196	0.11373	0	0	0	0	0	0	0	0	0	0	0	0	0	0	0	0	
0	0.32549	0.56863	0	0	0	0.30196	0.11373	0	0	0	0.10588	0.3098	0	0	0	0	0	0	0	0	0	0	0	0	0	0	0	0	0	
0	0	0.23922	0.18824	0.0078431	0	0.30196	0.11373	0	0	0.0039216	0.4	0.0078431	0	0	0	0	0	0	0	0	0	0	0	0	0	0	0	0	0	
0	0	0	0.39216	0.18431	0	0.30196	0.11373	0	0	0.30196	0.11373	0	0	0	0	0	0	0	0	0	0	0	0	0	0	0	0	0	0	
0	0	0	0.16078	0.25098	0	0.30196	0.11373	0	0.10588	0.30588	0	0	0	0	0	0	0	0	0	0	0	0	0	0	0	0	0	0	0	
0	0	0	0	0.23529	0.36471	0.30196	0.11373	0	0.38824	0.023529	0	0	0	0	0	0	0	0	0	0	0	0	0	0	0	0	0	0	0	
0	0	0	0	0	0.2549	0.45882	0.35686	0.47451	0.10196	0	0	0	0	0	0	0	0	0	0	0	0	0	0	0	0	0	0	0	0	
0	0	0	0	0	0	0.52157	0.18824	0.41569	0	0	0	0	0	0	0	0	0	0	0	0	0	0	0	0	0	0	0	0	0	
0	0	0	0	0	0	0.41569	0.43922	0.44706	0	0	0	0	0	0	0	0	0	0	0	0	0	0	0	0	0	0	0	0	0	
0	0	0	0	0	0	0	0	0	0	0	0	0	0	0	0	0	0	0	0	0	0	0	0	0	0	0	0	0	0	

1
1
30		30
2
1223	194
1223	175
1259	210
1
1259	175
21
1223	194
1226	194
1226	195
1228	198
1229	198
1229	200
1231	203
1232	203
1235	207
1235	209
1235	210
1237	210
1240	210
1240	209
1241	205
1243	203
1247	197
1252	190
1253	184
1256	179
1259	175

	1239	206
1234	149
1239	207
1
1234	149
21
1239	206
1237	207
1236	207
1236	206
1236	205
1236	196
1236	194
1236	188
1236	181
1236	179
1236	178
1236	173
1236	172
1236	169
1236	160
1236	157
1236	154
1236	152
1236	151
1236	149
1234	149



0
3
30	30
0	0	0	0	0	0	0	0	0	0	0	0	0	0	0	0	0	0	0	0	0	0	0	0	0	0	0	0	0	0	
0	0	0	0	0	0	0	0	0	0.14118	0.39608	0.098039	0	0	0	0	0	0	0	0	0	0	0	0	0	0	0	0	0	0	
0	0	0	0	0	0.035294	0.33725	0.53333	0.53333	0.38824	0.12941	0.031373	0	0	0	0	0	0	0	0	0	0	0	0	0	0	0	0	0	0	
0	0	0	0	0.23529	0.49412	0.19216	0	0	0	0	0	0	0	0	0	0	0	0	0	0	0	0	0	0	0	0	0	0	0	
0	0	0	0.23922	0.29412	0	0	0	0	0	0	0	0	0	0	0	0	0	0	0	0	0	0	0	0	0	0	0	0	0	
0	0	0.23922	0.2902	0	0	0	0	0	0	0	0	0	0	0	0	0	0	0	0	0	0	0	0	0	0	0	0	0	0	
0	0.023529	0.50588	0	0	0	0	0	0	0	0	0	0	0	0	0	0	0	0	0	0	0	0	0	0	0	0	0	0	0	
0	0.39216	0.14118	0	0	0	0	0	0	0	0	0	0	0	0	0	0	0	0	0	0	0	0	0	0	0	0	0	0	0	
0	0.39216	0.6	0.53333	0.53333	0.52549	0.46275	0.46275	0.46275	0.047059	0	0	0	0	0	0	0	0	0	0	0	0	0	0	0	0	0	0	0	0	
0	0.39216	0.14118	0	0	0.0039216	0.062745	0.062745	0.062745	0.48235	0.42353	0.31373	0	0	0	0	0	0	0	0	0	0	0	0	0	0	0	0	0	0	
0	0.39216	0.14118	0	0	0	0	0	0	0	0.10588	0.21569	0.53333	0.53333	0.53333	0.53333	0.45098	0.32941	0.24706	0	0	0	0	0	0	0	0	0	0	0	
0	0.39216	0.14118	0	0	0	0	0	0	0	0	0	0	0	0	0	0.078431	0.2	0.28235	0.53333	0.53333	0.38039	0.26275	0.14902	0	0	0	0	0	0	
0	0.39216	0.14118	0	0	0	0	0	0	0	0	0	0	0	0	0	0	0	0	0	0	0.14902	0.26275	0.38039	0.53333	0.53333	0.52549	0	0	0	
0	0.12941	0.40392	0	0	0	0	0	0	0	0	0	0	0	0	0	0	0	0	0	0	0	0	0	0	0	0.2902	0.53333	0.20784	0	
0	0	0.40392	0.12549	0	0	0	0	0	0	0	0	0	0	0	0	0	0	0	0	0	0	0	0	0	0	0	0	0	0	
0	0	0.31765	0.21176	0	0	0	0	0	0	0	0	0	0	0	0	0	0	0	0	0	0	0	0	0	0	0	0	0	0	
0	0	0	0.4	0.13333	0	0	0	0	0	0	0	0	0	0	0	0	0	0	0	0	0	0	0	0	0	0	0	0	0	
0	0	0	0.24706	0.49804	0	0	0	0	0	0	0	0	0	0	0	0	0	0	0	0	0	0	0	0	0	0	0	0	0	
0	0	0	0.031373	0.26275	0.30588	0	0	0	0	0	0	0	0	0	0	0	0	0	0	0	0	0	0	0	0	0	0	0	0	
0	0	0	0	0.035294	0.41176	0.36863	0	0	0	0	0	0	0	0	0	0	0	0	0	0	0	0	0	0	0	0	0	0	0	
0	0	0	0	0	0	0.53333	0	0	0	0	0	0	0	0	0	0	0	0	0	0	0	0	0	0	0	0	0	0	0	
0	0	0	0	0	0	0.2	0.33333	0	0	0	0	0	0	0	0	0	0	0	0	0	0	0	0	0	0	0	0	0	0	
0	0	0	0	0	0	0.011765	0.2	0	0	0	0	0	0	0	0	0	0	0	0	0	0	0	0	0	0	0	0	0	0	
0	0	0	0	0	0	0	0	0	0	0	0	0	0	0	0	0	0	0	0	0	0	0	0	0	0	0	0	0	0	
0	0	0	0	0	0	0	0	0	0	0	0	0	0	0	0	0	0	0	0	0	0	0	0	0	0	0	0	0	0	
0	0	0	0	0	0	0	0	0	0	0	0	0	0	0	0	0	0	0	0	0	0	0	0	0	0	0	0	0	0	
0	0	0	0	0	0	0	0	0	0	0	0	0	0	0	0	0	0	0	0	0	0	0	0	0	0	0	0	0	0	
0	0	0	0	0	0	0	0	0	0	0	0	0	0	0	0	0	0	0	0	0	0	0	0	0	0	0	0	0	0	
0	0	0	0	0	0	0	0	0	0	0	0	0	0	0	0	0	0	0	0	0	0	0	0	0	0	0	0	0	0	
0	0	0	0	0	0	0	0	0	0	0	0	0	0	0	0	0	0	0	0	0	0	0	0	0	0	0	0	0	0	

1
1
30		30
2
1411	186
1401	148
1418	186
1
1418	148
20
1411	186
1411	185
1410	184
1410	182
1408	181
1407	179
1405	178
1405	176
1404	175
1401	167
1401	166
1401	164
1401	163
1401	158
1402	157
1406	152
1412	149
1415	149
1417	148
1418	148

	1402	160
1402	160
1450	170
1
1450	170
9
1402	160
1409	161
1412	161
1420	164
1424	164
1442	168
1447	168
1448	170
1450	170



0
3
30	30
0	0	0	0	0	0	0	0	0	0.05098	0.023529	0	0	0	0	0	0	0	0	0	0	0	0	0	0	0	0	0	0	0	
0	0	0	0	0	0	0	0	0.031373	0.37647	0.29412	0	0	0	0	0	0	0	0	0	0	0	0	0	0	0	0	0	0	0	
0	0	0	0	0	0	0	0.015686	0.3098	0.32157	0.15686	0.13333	0	0	0	0	0	0	0	0	0	0	0	0	0	0	0	0	0	0	
0	0	0	0	0	0	0	0.30196	0.18039	0.14118	0	0.2549	0.035294	0	0	0	0	0	0	0	0	0	0	0	0	0	0	0	0	0	
0	0	0	0	0	0.015686	0.23137	0.15686	0.17255	0.11373	0	0	0.29412	0	0	0	0	0	0	0	0	0	0	0	0	0	0	0	0	0	
0	0	0	0	0.070588	0.26667	0.070588	0	0.17255	0.11373	0	0	0.14902	0.14118	0	0	0	0	0	0	0	0	0	0	0	0	0	0	0	0	
0.035294	0.07451	0	0.14902	0.23137	0.015686	0	0	0.11373	0.17255	0	0	0	0.24706	0.043137	0	0	0	0	0	0	0	0	0	0	0	0	0	0	0	
0.031373	0.27843	0.30196	0.14902	0	0	0	0	0	0.29412	0	0	0	0	0.2902	0	0	0	0	0	0	0	0	0	0	0	0	0	0	0	
0	0	0	0	0	0	0	0	0	0.29412	0	0	0	0	0.05098	0.23922	0	0	0	0	0	0	0	0	0	0	0	0	0	0	
0	0	0	0	0	0	0	0	0	0.29412	0	0	0	0	0	0.058824	0.30196	0.015686	0	0	0	0	0	0	0	0	0	0	0	0	
0	0	0	0	0	0	0	0	0	0.29412	0	0	0	0	0	0	0	0.27059	0.019608	0	0	0	0	0	0	0	0	0	0	0	
0	0	0	0	0	0	0	0	0	0.29412	0	0	0	0	0	0	0	0.011765	0.27843	0	0	0	0	0	0	0	0	0	0	0	
0	0	0	0	0	0	0	0	0	0.29412	0	0	0	0	0	0	0	0	0.086275	0.035294	0	0	0	0	0	0	0	0	0	0	
0	0	0	0	0	0	0	0	0	0.29412	0	0	0	0	0	0	0	0	0	0	0	0	0	0	0	0	0	0	0	0	
0	0	0	0	0	0	0	0	0	0.29412	0	0	0	0	0	0	0	0	0	0	0	0	0	0	0	0	0	0	0	0	
0	0	0	0	0	0	0	0	0	0.29412	0	0	0	0	0	0	0	0	0	0	0	0	0	0	0	0	0	0	0	0	
0	0	0	0	0	0	0	0	0	0.29412	0	0	0	0	0	0	0	0	0	0	0	0	0	0	0	0	0	0	0	0	
0	0	0	0	0	0	0	0	0	0.29412	0	0	0	0	0	0	0	0	0	0	0	0	0	0	0	0	0	0	0	0	
0	0	0	0	0	0	0	0	0	0.29412	0	0	0	0	0	0	0	0	0	0	0	0	0	0	0	0	0	0	0	0	
0	0	0	0	0	0	0	0	0	0.29412	0	0	0	0	0	0	0	0	0	0	0	0	0	0	0	0	0	0	0	0	
0	0	0	0	0	0	0	0	0	0.29412	0	0	0	0	0	0	0	0	0	0	0	0	0	0	0	0	0	0	0	0	
0	0	0	0	0	0	0	0	0	0.29412	0	0	0	0	0	0	0	0	0	0	0	0	0	0	0	0	0	0	0	0	
0	0	0	0	0	0	0	0	0	0.29412	0	0	0	0	0	0	0	0	0	0	0	0	0	0	0	0	0	0	0	0	
0	0	0	0	0	0	0	0	0	0.29412	0	0	0	0	0	0	0	0	0	0	0	0	0	0	0	0	0	0	0	0	
0	0	0	0	0	0	0	0	0	0.29412	0	0	0	0	0	0	0	0	0	0	0	0	0	0	0	0	0	0	0	0	
0	0	0	0	0	0	0	0	0	0.29412	0	0	0	0	0	0	0	0	0	0	0	0	0	0	0	0	0	0	0	0	
0	0	0	0	0	0	0	0	0	0.29412	0	0	0	0	0	0	0	0	0	0	0	0	0	0	0	0	0	0	0	0	
0	0	0	0	0	0	0	0	0	0.29412	0	0	0	0	0	0	0	0	0	0	0	0	0	0	0	0	0	0	0	0	
0	0	0	0	0	0	0	0	0	0.29412	0	0	0	0	0	0	0	0	0	0	0	0	0	0	0	0	0	0	0	0	
0	0	0	0	0	0	0	0	0	0.023529	0	0	0	0	0	0	0	0	0	0	0	0	0	0	0	0	0	0	0	0	

1
1
30		30
2
45	335
45	316
106	353
1
106	353
20
45	335
45	336
50	338
52	337
59	332
67	326
68	323
71	320
73	319
74	317
74	316
76	316
76	317
79	321
85	329
89	335
97	344
101	347
104	350
106	353

	75	322
72	322
75	408
1
73	408
22
75	322
72	322
72	323
72	330
73	335
74	339
74	344
74	348
74	353
74	362
74	369
74	374
74	378
74	381
74	383
74	384
74	387
74	393
74	396
74	398
73	407
73	408



0
3
30	30
0	0	0	0	0	0	0	0	0	0	0	0	0	0	0	0	0	0.027451	0.082353	0	0	0	0	0	0	0	0	0	0	0	
0	0	0	0	0	0	0	0	0	0	0	0	0	0	0	0	0	0	0.14118	0.027451	0	0	0	0	0	0	0	0	0	0	
0	0	0	0	0	0	0	0	0	0	0	0	0	0	0	0	0	0	0	0.13725	0.031373	0	0	0	0	0	0	0	0	0	
0	0	0	0	0	0	0	0	0	0	0	0	0	0	0	0	0	0	0	0	0.13333	0.054902	0	0	0	0	0	0	0	0	
0	0	0	0	0	0	0	0	0	0	0	0	0	0	0	0	0	0	0	0	0	0.1098	0.16471	0.11765	0	0	0	0	0	0	
0	0	0	0	0	0	0	0	0	0	0	0	0	0	0	0	0	0	0	0	0	0	0	0.047059	0.16471	0.16078	0.039216	0	0	0	
0	0	0	0	0	0	0	0	0	0	0	0	0	0	0	0	0	0	0	0	0	0	0	0	0	0.0039216	0.12549	0.16471	0.14902	0.011765	
0.078431	0.16471	0.16471	0.16471	0.16471	0.16471	0.16471	0.16471	0.16471	0.16471	0.16471	0.16471	0.16471	0.16471	0.16471	0.16471	0.16471	0.16471	0.16471	0.16471	0.16471	0.16471	0.16471	0.16471	0.16471	0.16471	0.16471	0.20392	0.05098	0.16863	
0	0	0	0	0	0	0	0	0	0	0	0	0	0	0	0	0	0	0	0	0	0	0	0	0	0	0	0.031373	0.16471	0.12549	
0	0	0	0	0	0	0	0	0	0	0	0	0	0	0	0	0	0	0	0	0	0	0	0	0	0.0039216	0.14118	0.13333	0	0	
0	0	0	0	0	0	0	0	0	0	0	0	0	0	0	0	0	0	0	0	0	0	0	0.0039216	0.1451	0.16078	0.023529	0	0	0	
0	0	0	0	0	0	0	0	0	0	0	0	0	0	0	0	0	0	0	0	0	0.011765	0.15294	0.16078	0.019608	0	0	0	0	0	
0	0	0	0	0	0	0	0	0	0	0	0	0	0	0	0	0	0	0	0.0039216	0.15686	0.15294	0.011765	0	0	0	0	0	0	0	
0	0	0	0	0	0	0	0	0	0	0	0	0	0	0	0	0	0.058824	0.16471	0.16078	0.0078431	0	0	0	0	0	0	0	0	0	
0	0	0	0	0	0	0	0	0	0	0	0	0	0	0	0	0.090196	0.10588	0	0	0	0	0	0	0	0	0	0	0	0	
0	0	0	0	0	0	0	0	0	0	0	0	0	0	0	0	0	0	0	0	0	0	0	0	0	0	0	0	0	0	
0	0	0	0	0	0	0	0	0	0	0	0	0	0	0	0	0	0	0	0	0	0	0	0	0	0	0	0	0	0	
0	0	0	0	0	0	0	0	0	0	0	0	0	0	0	0	0	0	0	0	0	0	0	0	0	0	0	0	0	0	
0	0	0	0	0	0	0	0	0	0	0	0	0	0	0	0	0	0	0	0	0	0	0	0	0	0	0	0	0	0	
0	0	0	0	0	0	0	0	0	0	0	0	0	0	0	0	0	0	0	0	0	0	0	0	0	0	0	0	0	0	
0	0	0	0	0	0	0	0	0	0	0	0	0	0	0	0	0	0	0	0	0	0	0	0	0	0	0	0	0	0	
0	0	0	0	0	0	0	0	0	0	0	0	0	0	0	0	0	0	0	0	0	0	0	0	0	0	0	0	0	0	
0	0	0	0	0	0	0	0	0	0	0	0	0	0	0	0	0	0	0	0	0	0	0	0	0	0	0	0	0	0	
0	0	0	0	0	0	0	0	0	0	0	0	0	0	0	0	0	0	0	0	0	0	0	0	0	0	0	0	0	0	
0	0	0	0	0	0	0	0	0	0	0	0	0	0	0	0	0	0	0	0	0	0	0	0	0	0	0	0	0	0	
0	0	0	0	0	0	0	0	0	0	0	0	0	0	0	0	0	0	0	0	0	0	0	0	0	0	0	0	0	0	
0	0	0	0	0	0	0	0	0	0	0	0	0	0	0	0	0	0	0	0	0	0	0	0	0	0	0	0	0	0	
0	0	0	0	0	0	0	0	0	0	0	0	0	0	0	0	0	0	0	0	0	0	0	0	0	0	0	0	0	0	
0	0	0	0	0	0	0	0	0	0	0	0	0	0	0	0	0	0	0	0	0	0	0	0	0	0	0	0	0	0	
0	0	0	0	0	0	0	0	0	0	0	0	0	0	0	0	0	0	0	0	0	0	0	0	0	0	0	0	0	0	

1
1
30		30
2
235	344
226	343
301	425
1
226	425
25
235	344
234	343
235	343
238	348
241	351
253	363
293	380
298	381
301	383
301	384
301	389
300	389
298	390
289	395
285	398
276	402
270	405
267	407
261	410
250	414
246	417
241	420
232	423
229	425
226	425

	292	386
133	385
293	386
1
133	385
27
292	386
293	386
293	385
292	385
291	385
288	385
277	385
274	385
265	385
256	385
253	385
243	385
214	385
207	385
198	385
187	385
184	385
181	385
180	385
178	385
172	385
169	385
162	385
148	385
145	385
136	385
133	385



0
3
30	30
0	0	0	0	0	0	0	0	0	0.027451	0.13333	0.035294	0	0	0	0	0	0	0	0	0	0	0	0	0	0	0	0	0	0	
0	0	0	0	0	0	0	0.031373	0.13333	0.10196	0	0	0	0	0	0	0	0	0	0	0	0	0	0	0	0	0	0	0	0	
0	0	0	0	0	0.054902	0.13333	0.098039	0	0	0	0	0	0	0	0	0	0	0	0	0	0	0	0	0	0	0	0	0	0	
0	0	0	0.098039	0.13333	0.07451	0	0	0	0	0	0	0	0	0	0	0	0	0	0	0	0	0	0	0	0	0	0	0	0	
0	0.11765	0.13333	0.031373	0	0	0	0	0	0	0	0	0	0	0	0	0	0	0	0	0	0	0	0	0	0	0	0	0	0	
0.20784	0.1451	0.13333	0.13333	0.13333	0.13333	0.13333	0.13333	0.13333	0.13333	0.13333	0.13333	0.13333	0.13333	0.13333	0.13333	0.13333	0.13333	0.13333	0.13333	0.13333	0.13333	0.13333	0.13333	0.13333	0.13333	0.13333	0.13333	0.13333	0.078431	
0.078431	0.14118	0	0	0	0	0	0	0	0	0	0	0	0	0	0	0	0	0	0	0	0	0	0	0	0	0	0	0	0	
0	0.0039216	0.12941	0.015686	0	0	0	0	0	0	0	0	0	0	0	0	0	0	0	0	0	0	0	0	0	0	0	0	0	0	
0	0	0	0.11373	0.070588	0	0	0	0	0	0	0	0	0	0	0	0	0	0	0	0	0	0	0	0	0	0	0	0	0	
0	0	0	0	0.058824	0.12941	0	0	0	0	0	0	0	0	0	0	0	0	0	0	0	0	0	0	0	0	0	0	0	0	
0	0	0	0	0	0	0.12549	0.019608	0	0	0	0	0	0	0	0	0	0	0	0	0	0	0	0	0	0	0	0	0	0	
0	0	0	0	0	0	0.0039216	0.1098	0	0	0	0	0	0	0	0	0	0	0	0	0	0	0	0	0	0	0	0	0	0	
0	0	0	0	0	0	0	0	0	0	0	0	0	0	0	0	0	0	0	0	0	0	0	0	0	0	0	0	0	0	
0	0	0	0	0	0	0	0	0	0	0	0	0	0	0	0	0	0	0	0	0	0	0	0	0	0	0	0	0	0	
0	0	0	0	0	0	0	0	0	0	0	0	0	0	0	0	0	0	0	0	0	0	0	0	0	0	0	0	0	0	
0	0	0	0	0	0	0	0	0	0	0	0	0	0	0	0	0	0	0	0	0	0	0	0	0	0	0	0	0	0	
0	0	0	0	0	0	0	0	0	0	0	0	0	0	0	0	0	0	0	0	0	0	0	0	0	0	0	0	0	0	
0	0	0	0	0	0	0	0	0	0	0	0	0	0	0	0	0	0	0	0	0	0	0	0	0	0	0	0	0	0	
0	0	0	0	0	0	0	0	0	0	0	0	0	0	0	0	0	0	0	0	0	0	0	0	0	0	0	0	0	0	
0	0	0	0	0	0	0	0	0	0	0	0	0	0	0	0	0	0	0	0	0	0	0	0	0	0	0	0	0	0	
0	0	0	0	0	0	0	0	0	0	0	0	0	0	0	0	0	0	0	0	0	0	0	0	0	0	0	0	0	0	
0	0	0	0	0	0	0	0	0	0	0	0	0	0	0	0	0	0	0	0	0	0	0	0	0	0	0	0	0	0	
0	0	0	0	0	0	0	0	0	0	0	0	0	0	0	0	0	0	0	0	0	0	0	0	0	0	0	0	0	0	
0	0	0	0	0	0	0	0	0	0	0	0	0	0	0	0	0	0	0	0	0	0	0	0	0	0	0	0	0	0	
0	0	0	0	0	0	0	0	0	0	0	0	0	0	0	0	0	0	0	0	0	0	0	0	0	0	0	0	0	0	
0	0	0	0	0	0	0	0	0	0	0	0	0	0	0	0	0	0	0	0	0	0	0	0	0	0	0	0	0	0	
0	0	0	0	0	0	0	0	0	0	0	0	0	0	0	0	0	0	0	0	0	0	0	0	0	0	0	0	0	0	
0	0	0	0	0	0	0	0	0	0	0	0	0	0	0	0	0	0	0	0	0	0	0	0	0	0	0	0	0	0	
0	0	0	0	0	0	0	0	0	0	0	0	0	0	0	0	0	0	0	0	0	0	0	0	0	0	0	0	0	0	
0	0	0	0	0	0	0	0	0	0	0	0	0	0	0	0	0	0	0	0	0	0	0	0	0	0	0	0	0	0	

1
1
30		30
2
617	326
538	325
617	408
1
593	408
24
617	326
616	325
613	326
607	329
601	332
583	341
556	353
549	357
543	359
538	362
538	363
538	365
538	366
545	371
548	372
550	375
563	386
569	390
580	398
586	404
587	404
589	405
592	407
593	408

	538	367
538	365
752	367
1
752	365
30
538	367
538	365
539	365
541	365
547	365
551	365
563	365
575	365
583	365
589	365
596	365
622	365
631	365
644	365
649	365
653	365
656	365
658	365
668	365
677	365
679	365
683	365
689	365
694	365
706	365
721	365
727	365
737	365
748	365
752	365



0
3
30	30
0	0	0	0	0	0.16078	0.14118	0	0	0	0	0	0	0	0	0	0	0	0	0	0	0	0	0	0	0	0	0	0	0	
0	0	0	0	0.082353	0.23137	0.07451	0.12157	0	0	0	0	0	0	0	0	0	0	0	0	0	0	0	0	0	0	0	0	0	0	
0	0	0	0.058824	0.13725	0.15294	0	0.031373	0.15294	0.011765	0	0	0	0	0	0	0	0	0	0	0	0	0	0	0	0	0	0	0	0	
0	0	0.031373	0.11765	0	0.15294	0	0	0	0.13725	0.1451	0	0	0	0	0	0	0	0	0	0	0	0	0	0	0	0	0	0	0	
0	0	0.14902	0	0	0.15294	0	0	0	0	0.0039216	0.14902	0.15294	0.094118	0	0	0	0	0	0	0	0	0	0	0	0	0	0	0	0	
0	0.11373	0.035294	0	0	0.15294	0	0	0	0	0	0	0	0.054902	0.10588	0	0	0	0	0	0	0	0	0	0	0	0	0	0	0	
0.019608	0.13333	0	0	0	0.15294	0	0	0	0	0	0	0	0	0	0	0	0	0	0	0	0	0	0	0	0	0	0	0	0	
0.094118	0.0078431	0	0	0	0.15294	0	0	0	0	0	0	0	0	0	0	0	0	0	0	0	0	0	0	0	0	0	0	0	0	
0	0	0	0	0	0.15294	0	0	0	0	0	0	0	0	0	0	0	0	0	0	0	0	0	0	0	0	0	0	0	0	
0	0	0	0	0	0.15294	0	0	0	0	0	0	0	0	0	0	0	0	0	0	0	0	0	0	0	0	0	0	0	0	
0	0	0	0	0	0.15294	0	0	0	0	0	0	0	0	0	0	0	0	0	0	0	0	0	0	0	0	0	0	0	0	
0	0	0	0	0	0.15294	0	0	0	0	0	0	0	0	0	0	0	0	0	0	0	0	0	0	0	0	0	0	0	0	
0	0	0	0	0	0.15294	0	0	0	0	0	0	0	0	0	0	0	0	0	0	0	0	0	0	0	0	0	0	0	0	
0	0	0	0	0	0.15294	0	0	0	0	0	0	0	0	0	0	0	0	0	0	0	0	0	0	0	0	0	0	0	0	
0	0	0	0	0	0.15294	0	0	0	0	0	0	0	0	0	0	0	0	0	0	0	0	0	0	0	0	0	0	0	0	
0	0	0	0	0	0.15294	0	0	0	0	0	0	0	0	0	0	0	0	0	0	0	0	0	0	0	0	0	0	0	0	
0	0	0	0	0	0.15294	0	0	0	0	0	0	0	0	0	0	0	0	0	0	0	0	0	0	0	0	0	0	0	0	
0	0	0	0	0	0.15294	0	0	0	0	0	0	0	0	0	0	0	0	0	0	0	0	0	0	0	0	0	0	0	0	
0	0	0	0	0	0.15294	0	0	0	0	0	0	0	0	0	0	0	0	0	0	0	0	0	0	0	0	0	0	0	0	
0	0	0	0	0	0.15294	0	0	0	0	0	0	0	0	0	0	0	0	0	0	0	0	0	0	0	0	0	0	0	0	
0	0	0	0	0	0.15294	0	0	0	0	0	0	0	0	0	0	0	0	0	0	0	0	0	0	0	0	0	0	0	0	
0	0	0	0	0	0.15294	0	0	0	0	0	0	0	0	0	0	0	0	0	0	0	0	0	0	0	0	0	0	0	0	
0	0	0	0	0	0.15294	0	0	0	0	0	0	0	0	0	0	0	0	0	0	0	0	0	0	0	0	0	0	0	0	
0	0	0	0	0	0.15294	0	0	0	0	0	0	0	0	0	0	0	0	0	0	0	0	0	0	0	0	0	0	0	0	
0	0	0	0	0	0.15294	0	0	0	0	0	0	0	0	0	0	0	0	0	0	0	0	0	0	0	0	0	0	0	0	
0	0	0	0	0	0.15294	0	0	0	0	0	0	0	0	0	0	0	0	0	0	0	0	0	0	0	0	0	0	0	0	
0	0	0	0	0	0.15294	0	0	0	0	0	0	0	0	0	0	0	0	0	0	0	0	0	0	0	0	0	0	0	0	
0	0	0	0	0	0.15294	0	0	0	0	0	0	0	0	0	0	0	0	0	0	0	0	0	0	0	0	0	0	0	0	
0	0	0	0	0	0.15294	0	0	0	0	0	0	0	0	0	0	0	0	0	0	0	0	0	0	0	0	0	0	0	0	
0	0	0	0	0	0.078431	0	0	0	0	0	0	0	0	0	0	0	0	0	0	0	0	0	0	0	0	0	0	0	0	

1
1
30		30
2
819	308
819	266
910	309
1
910	297
27
819	308
819	309
819	308
820	308
822	307
823	305
825	302
832	290
840	280
843	277
844	275
846	275
846	274
847	272
850	269
852	268
853	266
856	266
859	269
865	273
876	282
892	290
901	293
904	294
909	296
910	296
910	297

	857	266
854	265
857	452
1
854	452
37
857	266
855	265
854	265
854	266
854	269
854	275
854	279
854	288
854	305
854	311
854	317
854	327
854	332
854	339
854	351
854	356
854	360
854	374
854	378
854	381
854	396
854	399
854	402
854	407
854	410
854	417
854	419
854	420
854	422
854	423
854	425
854	426
854	429
854	441
854	444
854	449
854	452



0
3
30	30
0	0	0	0	0	0	0	0	0	0	0	0	0	0	0	0	0	0	0	0	0.015686	0.066667	0	0	0	0	0	0	0	0	
0	0	0	0	0	0	0	0	0	0	0	0	0	0	0	0	0	0	0	0	0.015686	0.19216	0	0	0	0	0	0	0	0	
0	0	0	0	0	0	0	0	0	0	0	0	0	0	0	0	0	0	0	0	0	0.1098	0.047059	0	0	0	0	0	0	0	
0	0	0	0	0	0	0	0	0	0	0	0	0	0	0	0	0	0	0	0	0	0	0.12549	0.031373	0	0	0	0	0	0	
0	0	0	0	0	0	0	0	0	0	0	0	0	0	0	0	0	0	0	0	0	0	0	0.12549	0.031373	0	0	0	0	0	
0	0	0	0	0	0	0	0	0	0	0	0	0	0	0	0	0	0	0	0	0	0	0	0	0.12549	0.058824	0	0	0	0	
0	0	0	0	0	0	0	0	0	0	0	0	0	0	0	0	0	0	0	0	0	0	0	0	0	0.098039	0.098039	0	0	0	
0	0	0	0	0	0	0	0	0	0	0	0	0	0	0	0	0	0	0	0	0	0	0	0	0	0	0.058824	0.13725	0	0	
0	0	0	0	0	0	0	0	0	0	0	0	0	0	0	0	0	0	0	0	0	0	0	0	0	0	0	0.070588	0.086275	0	
0	0	0	0	0	0	0	0	0	0	0	0	0	0	0	0	0	0	0	0	0	0	0	0	0	0	0	0	0.15294	0.062745	
0.082353	0.15686	0.15686	0.15686	0.15686	0.15686	0.15686	0.15686	0.15686	0.15686	0.15686	0.15686	0.15686	0.15686	0.15686	0.15686	0.15686	0.15686	0.15686	0.15686	0.15686	0.15686	0.15686	0.15686	0.15686	0.15686	0.15686	0.15686	0.16471	0.12549	
0	0	0	0	0	0	0	0	0	0	0	0	0	0	0	0	0	0	0	0	0	0	0	0	0	0	0.070588	0.15686	0.07451	0	
0	0	0	0	0	0	0	0	0	0	0	0	0	0	0	0	0	0	0	0	0	0	0	0	0.043137	0.15686	0.086275	0	0	0	
0	0	0	0	0	0	0	0	0	0	0	0	0	0	0	0	0	0	0	0	0	0	0.019608	0.15686	0.11373	0	0	0	0	0	
0	0	0	0	0	0	0	0	0	0	0	0	0	0	0	0	0	0	0	0	0.11373	0.15686	0.13725	0	0	0	0	0	0	0	
0	0	0	0	0	0	0	0	0	0	0	0	0	0	0	0	0	0	0.086275	0.15686	0.043137	0	0	0	0	0	0	0	0	0	
0	0	0	0	0	0	0	0	0	0	0	0	0	0	0	0	0.094118	0.15686	0.070588	0	0	0	0	0	0	0	0	0	0	0	
0	0	0	0	0	0	0	0	0	0	0	0	0	0	0	0	0.094118	0	0	0	0	0	0	0	0	0	0	0	0	0	
0	0	0	0	0	0	0	0	0	0	0	0	0	0	0	0	0	0	0	0	0	0	0	0	0	0	0	0	0	0	
0	0	0	0	0	0	0	0	0	0	0	0	0	0	0	0	0	0	0	0	0	0	0	0	0	0	0	0	0	0	
0	0	0	0	0	0	0	0	0	0	0	0	0	0	0	0	0	0	0	0	0	0	0	0	0	0	0	0	0	0	
0	0	0	0	0	0	0	0	0	0	0	0	0	0	0	0	0	0	0	0	0	0	0	0	0	0	0	0	0	0	
0	0	0	0	0	0	0	0	0	0	0	0	0	0	0	0	0	0	0	0	0	0	0	0	0	0	0	0	0	0	
0	0	0	0	0	0	0	0	0	0	0	0	0	0	0	0	0	0	0	0	0	0	0	0	0	0	0	0	0	0	
0	0	0	0	0	0	0	0	0	0	0	0	0	0	0	0	0	0	0	0	0	0	0	0	0	0	0	0	0	0	
0	0	0	0	0	0	0	0	0	0	0	0	0	0	0	0	0	0	0	0	0	0	0	0	0	0	0	0	0	0	
0	0	0	0	0	0	0	0	0	0	0	0	0	0	0	0	0	0	0	0	0	0	0	0	0	0	0	0	0	0	
0	0	0	0	0	0	0	0	0	0	0	0	0	0	0	0	0	0	0	0	0	0	0	0	0	0	0	0	0	0	
0	0	0	0	0	0	0	0	0	0	0	0	0	0	0	0	0	0	0	0	0	0	0	0	0	0	0	0	0	0	
0	0	0	0	0	0	0	0	0	0	0	0	0	0	0	0	0	0	0	0	0	0	0	0	0	0	0	0	0	0	

1
1
30		30
2
1134	335
1104	335
1186	440
1
1104	440
36
1134	335
1134	338
1134	339
1134	341
1135	342
1137	342
1137	344
1140	348
1141	350
1147	356
1156	365
1159	368
1164	371
1167	374
1176	381
1177	384
1182	389
1183	392
1185	393
1185	395
1186	395
1185	396
1179	401
1173	404
1160	411
1140	422
1133	423
1128	426
1119	431
1118	431
1116	432
1113	434
1109	435
1107	437
1104	438
1104	440

	1181	393
1007	393
1181	396
1
1007	396
16
1181	393
1179	395
1176	396
1173	396
1170	396
1161	396
1155	396
1142	396
1112	396
1101	396
1079	396
1044	396
1034	396
1026	396
1010	396
1007	396



0
3
30	30
0	0	0	0	0.078431	0	0	0	0	0	0	0	0	0	0	0	0	0	0	0	0	0	0	0	0	0	0	0	0	0	
0	0	0	0	0.18039	0	0	0	0	0	0	0	0	0	0	0	0	0	0	0	0	0	0	0	0	0	0	0	0	0	
0	0	0	0	0.18039	0	0	0	0	0	0	0	0	0	0	0	0	0	0	0	0	0	0	0	0	0	0	0	0	0	
0	0	0	0	0.18039	0	0	0	0	0	0	0	0	0	0	0	0	0	0	0	0	0	0	0	0	0	0	0	0	0	
0	0	0	0	0.18039	0	0	0	0	0	0	0	0	0	0	0	0	0	0	0	0	0	0	0	0	0	0	0	0	0	
0	0	0	0	0.18039	0	0	0	0	0	0	0	0	0	0	0	0	0	0	0	0	0	0	0	0	0	0	0	0	0	
0	0	0	0	0.18039	0	0	0	0	0	0	0	0	0	0	0	0	0	0	0	0	0	0	0	0	0	0	0	0	0	
0	0	0	0	0.18039	0	0	0	0	0	0	0	0	0	0	0	0	0	0	0	0	0	0	0	0	0	0	0	0	0	
0	0	0	0	0.18039	0	0	0	0	0	0	0	0	0	0	0	0	0	0	0	0	0	0	0	0	0	0	0	0	0	
0	0	0	0	0.18039	0	0	0	0	0	0	0	0	0	0	0	0	0	0	0	0	0	0	0	0	0	0	0	0	0	
0	0	0	0	0.18039	0	0	0	0	0	0	0	0	0	0	0	0	0	0	0	0	0	0	0	0	0	0	0	0	0	
0	0	0	0	0.18039	0	0	0	0	0	0	0	0	0	0	0	0	0	0	0	0	0	0	0	0	0	0	0	0	0	
0	0	0	0	0.18039	0	0	0	0	0	0	0	0	0	0	0	0	0	0	0	0	0	0	0	0	0	0	0	0	0	
0	0	0	0	0.18039	0	0	0	0	0	0	0	0	0	0	0	0	0	0	0	0	0	0	0	0	0	0	0	0	0	
0	0	0	0	0.18039	0	0	0	0	0	0	0	0	0	0	0	0	0	0	0	0	0	0	0	0	0	0	0	0	0	
0	0	0	0	0.18039	0	0	0	0	0	0	0	0	0	0	0	0	0	0	0	0	0	0	0	0	0	0	0	0	0	
0	0	0	0	0.18039	0	0	0	0	0	0	0	0	0	0	0	0	0	0	0	0	0	0	0	0	0	0	0	0	0	
0	0	0	0	0.18039	0	0	0	0	0	0	0	0	0	0	0	0	0	0	0	0	0	0	0	0	0	0	0	0	0	
0	0	0	0	0.18039	0	0	0	0	0	0	0	0	0	0	0	0	0	0	0	0	0	0	0	0	0	0	0	0	0	
0	0	0	0	0.18039	0	0	0	0	0	0	0	0	0	0	0.14902	0.086275	0	0	0	0	0	0	0	0	0	0	0	0	0	
0.090196	0.019608	0	0	0.18039	0	0	0	0	0	0	0	0	0.023529	0.18824	0.035294	0	0	0	0	0	0	0	0	0	0	0	0	0	0	
0.011765	0.16471	0	0	0.18039	0	0	0	0	0	0	0	0.047059	0.16078	0	0	0	0	0	0	0	0	0	0	0	0	0	0	0	0	
0	0.18039	0	0	0.18039	0	0	0	0	0	0	0.039216	0.13725	0	0	0	0	0	0	0	0	0	0	0	0	0	0	0	0	0	
0	0.1098	0.070588	0	0.18039	0	0	0	0	0	0.031373	0.1451	0	0	0	0	0	0	0	0	0	0	0	0	0	0	0	0	0	0	
0	0	0.17647	0	0.18039	0	0	0	0	0	0.18039	0	0	0	0	0	0	0	0	0	0	0	0	0	0	0	0	0	0	0	
0	0	0.18039	0	0.18039	0	0	0	0	0.13725	0.039216	0	0	0	0	0	0	0	0	0	0	0	0	0	0	0	0	0	0	0	
0	0	0.18039	0	0.18039	0	0	0	0.16471	0.047059	0	0	0	0	0	0	0	0	0	0	0	0	0	0	0	0	0	0	0	0	
0	0	0.15294	0.027451	0.18039	0	0.035294	0.18431	0.05098	0	0	0	0	0	0	0	0	0	0	0	0	0	0	0	0	0	0	0	0	0	
0	0	0	0.21569	0.15294	0.12157	0.14902	0	0	0	0	0	0	0	0	0	0	0	0	0	0	0	0	0	0	0	0	0	0	0	
0	0	0	0.14902	0.18824	0.066667	0	0	0	0	0	0	0	0	0	0	0	0	0	0	0	0	0	0	0	0	0	0	0	0	

1
1
30		30
2
1252	408
1252	400
1339	453
1
1339	400
26
1252	408
1254	408
1257	413
1258	416
1261	426
1263	435
1264	443
1266	446
1266	447
1267	452
1269	453
1270	453
1273	453
1275	453
1279	451
1288	445
1291	443
1297	439
1302	433
1305	430
1309	424
1324	410
1332	404
1335	401
1336	400
1339	400

	1270	449
1270	301
1272	449
1
1272	301
23
1270	449
1272	449
1272	448
1272	446
1272	442
1272	434
1272	416
1272	397
1272	391
1272	386
1272	370
1272	365
1272	356
1272	346
1272	341
1272	337
1272	326
1272	323
1272	319
1272	311
1272	308
1272	302
1272	301



0
3
30	30
0	0	0	0	0	0	0	0	0.07451	0	0	0	0	0	0	0	0	0	0	0	0	0	0	0	0	0	0	0	0	0	
0	0	0	0	0	0	0	0	0.11373	0	0	0	0	0	0	0	0	0	0	0	0	0	0	0	0	0	0	0	0	0	
0	0	0	0	0	0	0	0.12941	0.011765	0	0	0	0	0	0	0	0	0	0	0	0	0	0	0	0	0	0	0	0	0	
0	0	0	0	0	0.015686	0.11373	0	0	0	0	0	0	0	0	0	0	0	0	0	0	0	0	0	0	0	0	0	0	0	
0	0	0	0	0.078431	0.098039	0	0	0	0	0	0	0	0	0	0	0	0	0	0	0	0	0	0	0	0	0	0	0	0	
0	0	0.015686	0.11373	0.035294	0	0	0	0	0	0	0	0	0	0	0	0	0	0	0	0	0	0	0	0	0	0	0	0	0	
0	0.070588	0.094118	0	0	0	0	0	0	0	0	0	0	0	0	0	0	0	0	0	0	0	0	0	0	0	0.0039216	0.11373	0.11373	0.070588	
0.13725	0.27451	0.18039	0.11373	0.11373	0.11373	0.11373	0.11373	0.11373	0.11373	0.11373	0.11373	0.11373	0.11373	0.11373	0.11373	0.11373	0.11373	0.11373	0.11373	0.11373	0.11373	0.11373	0.11373	0.11373	0.11373	0.10588	0	0	0	
0	0	0.047059	0.11373	0.11373	0.023529	0	0	0	0	0	0	0	0	0	0	0	0	0	0	0	0	0	0	0	0	0	0	0	0	
0	0	0	0	0	0.090196	0.11373	0.094118	0	0	0	0	0	0	0	0	0	0	0	0	0	0	0	0	0	0	0	0	0	0	
0	0	0	0	0	0	0	0.019608	0.11373	0.11373	0.031373	0	0	0	0	0	0	0	0	0	0	0	0	0	0	0	0	0	0	0	
0	0	0	0	0	0	0	0	0	0	0.082353	0.054902	0	0	0	0	0	0	0	0	0	0	0	0	0	0	0	0	0	0	
0	0	0	0	0	0	0	0	0	0	0	0.11765	0	0	0	0	0	0	0	0	0	0	0	0	0	0	0	0	0	0	
0	0	0	0	0	0	0	0	0	0	0	0.062745	0.05098	0	0	0	0	0	0	0	0	0	0	0	0	0	0	0	0	0	
0	0	0	0	0	0	0	0	0	0	0	0	0.07451	0	0	0	0	0	0	0	0	0	0	0	0	0	0	0	0	0	
0	0	0	0	0	0	0	0	0	0	0	0	0	0	0	0	0	0	0	0	0	0	0	0	0	0	0	0	0	0	
0	0	0	0	0	0	0	0	0	0	0	0	0	0	0	0	0	0	0	0	0	0	0	0	0	0	0	0	0	0	
0	0	0	0	0	0	0	0	0	0	0	0	0	0	0	0	0	0	0	0	0	0	0	0	0	0	0	0	0	0	
0	0	0	0	0	0	0	0	0	0	0	0	0	0	0	0	0	0	0	0	0	0	0	0	0	0	0	0	0	0	
0	0	0	0	0	0	0	0	0	0	0	0	0	0	0	0	0	0	0	0	0	0	0	0	0	0	0	0	0	0	
0	0	0	0	0	0	0	0	0	0	0	0	0	0	0	0	0	0	0	0	0	0	0	0	0	0	0	0	0	0	
0	0	0	0	0	0	0	0	0	0	0	0	0	0	0	0	0	0	0	0	0	0	0	0	0	0	0	0	0	0	
0	0	0	0	0	0	0	0	0	0	0	0	0	0	0	0	0	0	0	0	0	0	0	0	0	0	0	0	0	0	
0	0	0	0	0	0	0	0	0	0	0	0	0	0	0	0	0	0	0	0	0	0	0	0	0	0	0	0	0	0	
0	0	0	0	0	0	0	0	0	0	0	0	0	0	0	0	0	0	0	0	0	0	0	0	0	0	0	0	0	0	
0	0	0	0	0	0	0	0	0	0	0	0	0	0	0	0	0	0	0	0	0	0	0	0	0	0	0	0	0	0	
0	0	0	0	0	0	0	0	0	0	0	0	0	0	0	0	0	0	0	0	0	0	0	0	0	0	0	0	0	0	
0	0	0	0	0	0	0	0	0	0	0	0	0	0	0	0	0	0	0	0	0	0	0	0	0	0	0	0	0	0	
0	0	0	0	0	0	0	0	0	0	0	0	0	0	0	0	0	0	0	0	0	0	0	0	0	0	0	0	0	0	
0	0	0	0	0	0	0	0	0	0	0	0	0	0	0	0	0	0	0	0	0	0	0	0	0	0	0	0	0	0	

1
1
30		30
2
1393	354
1326	354
1426	477
1
1426	477
29
1393	354
1393	356
1393	357
1393	363
1392	366
1389	371
1371	386
1356	396
1335	411
1331	414
1328	416
1326	417
1329	417
1336	417
1351	423
1359	426
1375	432
1404	444
1411	447
1420	455
1422	461
1423	462
1423	465
1425	470
1426	471
1426	473
1426	474
1426	476
1426	477

	1331	416
1331	407
1572	416
1
1572	407
34
1331	416
1332	416
1335	416
1338	416
1350	416
1360	416
1420	416
1435	416
1462	416
1471	416
1489	416
1492	416
1494	416
1497	416
1500	416
1501	416
1503	416
1504	416
1509	416
1512	416
1513	416
1518	416
1527	415
1533	413
1536	413
1540	413
1542	413
1543	413
1545	413
1546	412
1549	412
1551	410
1563	409
1572	407



0
3
30	30
0	0	0	0	0	0.066667	0	0	0	0	0	0	0	0	0	0	0	0	0	0	0	0	0	0	0	0	0	0	0	0	
0	0	0	0	0.13725	0.39608	0.019608	0	0	0	0	0	0	0	0	0	0	0	0	0	0	0	0	0	0	0	0	0	0	0	
0	0	0	0	0.22353	0.2549	0.19608	0	0	0	0	0	0	0	0	0	0	0	0	0	0	0	0	0	0	0	0	0	0	0	
0	0	0	0.078431	0.1451	0.22353	0.19608	0.078431	0	0	0	0	0	0	0	0	0	0	0	0	0	0	0	0	0	0	0	0	0	0	
0	0	0	0.22353	0	0.22353	0	0.22353	0	0	0	0	0	0	0	0	0	0	0	0	0	0	0	0	0	0	0	0	0	0	
0	0	0.12549	0.098039	0	0.22353	0	0.027451	0.19608	0	0	0	0	0	0	0	0	0	0	0	0	0	0	0	0	0	0	0	0	0	
0	0	0.22353	0	0	0.22353	0	0	0.062745	0.18039	0	0	0	0	0	0	0	0	0	0	0	0	0	0	0	0	0	0	0	0	
0	0.066667	0.15686	0	0	0.22353	0	0	0	0.066667	0.22353	0.054902	0	0	0	0	0	0	0	0	0	0	0	0	0	0	0	0	0	0	
0	0.21176	0.011765	0	0	0.22353	0	0	0	0	0.0039216	0.17255	0.11373	0	0	0	0	0	0	0	0	0	0	0	0	0	0	0	0	0	
0.058824	0.16471	0	0	0	0.22353	0	0	0	0	0	0	0.11373	0.23922	0.043137	0	0	0	0	0	0	0	0	0	0	0	0	0	0	0	
0.086275	0	0	0	0	0.22353	0	0	0	0	0	0	0	0.16863	0.14118	0	0	0	0	0	0	0	0	0	0	0	0	0	0	0	
0	0	0	0	0	0.22353	0	0	0	0	0	0	0	0.015686	0	0	0	0	0	0	0	0	0	0	0	0	0	0	0	0	
0	0	0	0	0	0.22353	0	0	0	0	0	0	0	0	0	0	0	0	0	0	0	0	0	0	0	0	0	0	0	0	
0	0	0	0	0	0.22353	0	0	0	0	0	0	0	0	0	0	0	0	0	0	0	0	0	0	0	0	0	0	0	0	
0	0	0	0	0	0.22353	0	0	0	0	0	0	0	0	0	0	0	0	0	0	0	0	0	0	0	0	0	0	0	0	
0	0	0	0	0	0.22353	0	0	0	0	0	0	0	0	0	0	0	0	0	0	0	0	0	0	0	0	0	0	0	0	
0	0	0	0	0	0.22353	0	0	0	0	0	0	0	0	0	0	0	0	0	0	0	0	0	0	0	0	0	0	0	0	
0	0	0	0	0	0.098039	0.12549	0	0	0	0	0	0	0	0	0	0	0	0	0	0	0	0	0	0	0	0	0	0	0	
0	0	0	0	0	0.090196	0.13333	0	0	0	0	0	0	0	0	0	0	0	0	0	0	0	0	0	0	0	0	0	0	0	
0	0	0	0	0	0.090196	0.13333	0	0	0	0	0	0	0	0	0	0	0	0	0	0	0	0	0	0	0	0	0	0	0	
0	0	0	0	0	0.090196	0.13333	0	0	0	0	0	0	0	0	0	0	0	0	0	0	0	0	0	0	0	0	0	0	0	
0	0	0	0	0	0	0.22353	0	0	0	0	0	0	0	0	0	0	0	0	0	0	0	0	0	0	0	0	0	0	0	
0	0	0	0	0	0	0.22353	0	0	0	0	0	0	0	0	0	0	0	0	0	0	0	0	0	0	0	0	0	0	0	
0	0	0	0	0	0	0.22353	0	0	0	0	0	0	0	0	0	0	0	0	0	0	0	0	0	0	0	0	0	0	0	
0	0	0	0	0	0	0.22353	0	0	0	0	0	0	0	0	0	0	0	0	0	0	0	0	0	0	0	0	0	0	0	
0	0	0	0	0	0	0.22353	0	0	0	0	0	0	0	0	0	0	0	0	0	0	0	0	0	0	0	0	0	0	0	
0	0	0	0	0	0	0.18431	0.039216	0	0	0	0	0	0	0	0	0	0	0	0	0	0	0	0	0	0	0	0	0	0	
0	0	0	0	0	0	0.082353	0.14118	0	0	0	0	0	0	0	0	0	0	0	0	0	0	0	0	0	0	0	0	0	0	
0	0	0	0	0	0	0.027451	0.23137	0	0	0	0	0	0	0	0	0	0	0	0	0	0	0	0	0	0	0	0	0	0	
0	0	0	0	0	0	0.011765	0.17647	0	0	0	0	0	0	0	0	0	0	0	0	0	0	0	0	0	0	0	0	0	0	

1
1
30		30
2
61	122
61	84
120	125
1
117	125
38
61	122
63	118
66	113
66	112
67	110
68	108
69	105
73	98
76	92
79	85
79	84
80	84
81	84
82	85
83	85
83	86
84	86
85	88
86	91
87	92
88	94
90	95
94	101
96	103
99	107
104	111
106	112
108	113
112	116
113	117
116	119
119	120
119	121
120	121
120	122
119	123
119	124
117	125

	83	81
83	81
91	204
1
88	203
25
83	81
83	86
83	89
83	97
83	102
83	116
83	121
83	130
83	147
84	152
84	157
84	162
86	175
86	178
87	185
88	191
88	193
89	197
90	202
90	203
90	204
91	204
90	204
89	204
88	203



0
3
30	30
0	0	0	0	0	0	0	0	0	0	0	0	0	0	0	0	0	0	0	0	0	0.047059	0.015686	0	0	0	0	0	0	0	
0	0	0	0	0	0	0	0	0	0	0	0	0	0	0	0	0	0	0	0	0	0.039216	0.20784	0	0	0	0	0	0	0	
0	0	0	0	0	0	0	0	0	0	0	0	0	0	0	0	0	0	0	0	0	0	0.090196	0.20784	0.019608	0	0	0	0	0	
0.058824	0.082353	0	0	0	0	0	0	0	0	0	0	0	0	0	0	0	0	0	0	0	0	0	0.031373	0.21961	0.24314	0.24314	0.031373	0	0	
0	0.15686	0.24314	0.24314	0.24314	0.24314	0.24314	0.24314	0.24314	0.24314	0.24314	0.24314	0.24314	0.24314	0.24314	0.24314	0.14118	0.043137	0	0	0	0	0	0	0	0	0	0.29804	0.0078431	0	
0	0	0	0	0	0	0	0	0	0	0	0	0	0	0	0	0.10196	0.19608	0.24314	0.24314	0.30196	0.11373	0	0	0	0	0	0.023529	0.21961	0	
0	0	0	0	0	0	0	0	0	0	0	0	0	0	0	0	0	0	0	0	0	0.12549	0.23137	0.17647	0.17647	0.22353	0.30196	0.0039216	0.18039	0.12549	
0	0	0	0	0	0	0	0	0	0	0	0	0	0	0	0	0	0	0	0	0	0	0.011765	0.062745	0.062745	0.015686	0	0	0.24706	0	
0	0	0	0	0	0	0	0	0	0	0	0	0	0	0	0	0	0	0	0	0	0	0	0	0	0	0	0.16863	0.07451	0	
0	0	0	0	0	0	0	0	0	0	0	0	0	0	0	0	0	0	0	0	0	0	0	0	0	0	0	0.24706	0	0	
0	0	0	0	0	0	0	0	0	0	0	0	0	0	0	0	0	0	0	0	0	0	0	0	0	0	0.17647	0.066667	0	0	
0	0	0	0	0	0	0	0	0	0	0	0	0	0	0	0	0	0	0	0	0	0	0	0	0	0	0.24706	0	0	0	
0	0	0	0	0	0	0	0	0	0	0	0	0	0	0	0	0	0	0	0	0	0	0	0	0	0.18431	0.058824	0	0	0	
0	0	0	0	0	0	0	0	0	0	0	0	0	0	0	0	0	0	0	0	0	0	0	0	0.070588	0.17255	0	0	0	0	
0	0	0	0	0	0	0	0	0	0	0	0	0	0	0	0	0	0	0	0	0	0	0	0	0.23922	0.0039216	0	0	0	0	
0	0	0	0	0	0	0	0	0	0	0	0	0	0	0	0	0	0	0	0	0	0	0	0.19608	0.047059	0	0	0	0	0	
0	0	0	0	0	0	0	0	0	0	0	0	0	0	0	0	0	0	0	0	0	0	0	0.24706	0	0	0	0	0	0	
0	0	0	0	0	0	0	0	0	0	0	0	0	0	0	0	0	0	0	0	0	0	0.38039	0.039216	0	0	0	0	0	0	
0	0	0	0	0	0	0	0	0	0	0	0	0	0	0	0	0	0	0	0	0	0	0.070588	0	0	0	0	0	0	0	
0	0	0	0	0	0	0	0	0	0	0	0	0	0	0	0	0	0	0	0	0	0	0	0	0	0	0	0	0	0	
0	0	0	0	0	0	0	0	0	0	0	0	0	0	0	0	0	0	0	0	0	0	0	0	0	0	0	0	0	0	
0	0	0	0	0	0	0	0	0	0	0	0	0	0	0	0	0	0	0	0	0	0	0	0	0	0	0	0	0	0	
0	0	0	0	0	0	0	0	0	0	0	0	0	0	0	0	0	0	0	0	0	0	0	0	0	0	0	0	0	0	
0	0	0	0	0	0	0	0	0	0	0	0	0	0	0	0	0	0	0	0	0	0	0	0	0	0	0	0	0	0	
0	0	0	0	0	0	0	0	0	0	0	0	0	0	0	0	0	0	0	0	0	0	0	0	0	0	0	0	0	0	
0	0	0	0	0	0	0	0	0	0	0	0	0	0	0	0	0	0	0	0	0	0	0	0	0	0	0	0	0	0	
0	0	0	0	0	0	0	0	0	0	0	0	0	0	0	0	0	0	0	0	0	0	0	0	0	0	0	0	0	0	
0	0	0	0	0	0	0	0	0	0	0	0	0	0	0	0	0	0	0	0	0	0	0	0	0	0	0	0	0	0	
0	0	0	0	0	0	0	0	0	0	0	0	0	0	0	0	0	0	0	0	0	0	0	0	0	0	0	0	0	0	
0	0	0	0	0	0	0	0	0	0	0	0	0	0	0	0	0	0	0	0	0	0	0	0	0	0	0	0	0	0	

1
1
30		30
2
166	145
166	145
271	158
1
269	156
31
166	145
169	147
179	148
183	148
199	147
210	147
213	147
220	147
225	149
228	150
233	151
235	151
236	152
237	152
241	152
242	152
245	152
245	153
247	153
249	154
250	155
254	157
255	158
258	158
264	158
265	157
267	157
270	157
271	157
270	157
269	156

	251	133
251	133
280	204
1
252	201
26
251	133
253	136
254	138
259	142
261	143
272	146
274	148
275	148
276	151
277	152
278	153
279	154
279	155
280	155
280	156
279	157
278	159
270	175
267	181
261	190
256	199
255	201
253	203
252	204
252	202
252	201



0
3
30	30
0	0	0	0	0	0.039216	0.039216	0	0	0	0	0	0	0	0	0	0	0	0	0	0	0	0	0	0	0	0	0	0	0	
0	0	0	0	0	0	0.27451	0	0	0	0	0	0	0	0	0	0	0	0	0	0	0	0	0	0	0	0	0	0	0	
0	0	0	0	0	0	0.23137	0	0	0	0	0	0	0	0	0	0	0	0	0	0	0	0	0	0	0	0	0	0	0	
0	0	0	0	0	0	0.23137	0	0	0	0	0	0	0	0	0	0	0	0	0	0	0	0	0	0	0	0	0	0	0	
0	0	0	0	0	0	0.23137	0	0	0	0	0	0	0	0	0	0	0	0	0	0	0	0	0	0	0	0	0	0	0	
0	0	0	0	0	0	0.23137	0	0	0	0	0	0	0	0	0	0	0	0	0	0	0	0	0	0	0	0	0	0	0	
0	0	0	0	0	0	0.23137	0	0	0	0	0	0	0	0	0	0	0	0	0	0	0	0	0	0	0	0	0	0	0	
0	0	0	0	0	0.070588	0.15686	0	0	0	0	0	0	0	0	0	0	0	0	0	0	0	0	0	0	0	0	0	0	0	
0	0	0	0	0	0.16471	0.062745	0	0	0	0	0	0	0	0	0	0	0	0	0	0	0	0	0	0	0	0	0	0	0	
0	0	0	0	0	0.16471	0.062745	0	0	0	0	0	0	0	0	0	0	0	0	0	0	0	0	0	0	0	0	0	0	0	
0	0	0	0	0	0.16471	0.062745	0	0	0	0	0	0	0	0	0	0	0	0	0	0	0	0	0	0	0	0	0	0	0	
0	0	0	0	0	0.16471	0.062745	0	0	0	0	0	0	0	0	0	0	0	0	0	0	0	0	0	0	0	0	0	0	0	
0	0	0	0	0	0.16471	0.062745	0	0	0	0	0	0	0	0	0	0	0	0	0	0	0	0	0	0	0	0	0	0	0	
0	0	0	0	0	0.035294	0.19216	0	0	0	0	0	0	0.12157	0	0	0	0	0	0	0	0	0	0	0	0	0	0	0	0	
0	0	0	0	0	0	0.23137	0	0	0	0	0	0.17647	0.054902	0	0	0	0	0	0	0	0	0	0	0	0	0	0	0	0	
0	0	0	0	0	0	0.23137	0	0	0	0	0.015686	0.21569	0	0	0	0	0	0	0	0	0	0	0	0	0	0	0	0	0	
0	0	0	0	0	0	0.23137	0	0	0	0	0.22353	0.0078431	0	0	0	0	0	0	0	0	0	0	0	0	0	0	0	0	0	
0	0	0	0	0	0	0.23137	0	0	0	0.078431	0.14902	0	0	0	0	0	0	0	0	0	0	0	0	0	0	0	0	0	0	
0	0	0	0	0	0	0.23137	0	0	0	0.23137	0	0	0	0	0	0	0	0	0	0	0	0	0	0	0	0	0	0	0	
0.035294	0	0	0	0	0.10196	0.12549	0	0	0.13725	0.094118	0	0	0	0	0	0	0	0	0	0	0	0	0	0	0	0	0	0	0	
0.031373	0.19608	0	0	0	0.16471	0.062745	0	0	0.23137	0	0	0	0	0	0	0	0	0	0	0	0	0	0	0	0	0	0	0	0	
0	0.22745	0	0	0	0.16471	0.062745	0	0.15686	0.07451	0	0	0	0	0	0	0	0	0	0	0	0	0	0	0	0	0	0	0	0	
0	0.054902	0.17255	0	0	0.20392	0.027451	0	0.23137	0	0	0	0	0	0	0	0	0	0	0	0	0	0	0	0	0	0	0	0	0	
0	0	0.23137	0	0	0.23137	0	0.023529	0.20784	0	0	0	0	0	0	0	0	0	0	0	0	0	0	0	0	0	0	0	0	0	
0	0	0.11373	0.11373	0	0.23137	0	0.17647	0.054902	0	0	0	0	0	0	0	0	0	0	0	0	0	0	0	0	0	0	0	0	0	
0	0	0	0.23137	0	0.23137	0	0.23137	0	0	0	0	0	0	0	0	0	0	0	0	0	0	0	0	0	0	0	0	0	0	
0	0	0	0.16863	0.058824	0.23137	0.12549	0.10588	0	0	0	0	0	0	0	0	0	0	0	0	0	0	0	0	0	0	0	0	0	0	
0	0	0	0.011765	0.21961	0.25098	0.26667	0	0	0	0	0	0	0	0	0	0	0	0	0	0	0	0	0	0	0	0	0	0	0	
0	0	0	0	0.20784	0.46667	0.019608	0	0	0	0	0	0	0	0	0	0	0	0	0	0	0	0	0	0	0	0	0	0	0	
0	0	0	0	0.0039216	0.086275	0	0	0	0	0	0	0	0	0	0	0	0	0	0	0	0	0	0	0	0	0	0	0	0	

1
1
30		30
2
318	166
317	138
370	203
1
370	138
30
318	166
317	165
320	168
320	170
321	172
325	180
328	188
329	190
331	194
333	199
334	200
335	203
336	203
337	202
338	200
339	200
340	198
341	198
343	195
348	183
350	178
353	169
360	157
362	153
366	147
368	142
369	141
370	140
370	139
370	138

	338	204
338	84
341	204
1
339	84
32
338	204
338	202
338	201
338	200
338	198
338	196
338	195
338	194
338	186
339	175
340	162
340	158
340	154
340	141
340	137
339	133
339	131
339	130
339	124
339	123
339	121
339	116
339	115
339	113
340	112
340	108
340	102
340	96
341	89
341	85
340	85
339	84



0
3
30	30
0	0	0	0	0	0	0	0	0.027451	0.05098	0	0	0	0	0	0	0	0	0	0	0	0	0	0	0	0	0	0	0	0	
0	0	0	0	0	0	0	0.21569	0.24314	0.062745	0	0	0	0	0	0	0	0	0	0	0	0	0	0	0	0	0	0	0	0	
0	0	0	0	0	0	0.17647	0.035294	0	0	0	0	0	0	0	0	0	0	0	0	0	0	0	0	0	0	0	0	0	0	
0	0	0	0	0.027451	0.20392	0.023529	0	0	0	0	0	0	0	0	0	0	0	0	0	0	0	0	0	0	0	0	0	0	0	
0	0	0	0.035294	0.17647	0	0	0	0	0	0	0	0	0	0	0	0	0	0	0	0	0	0	0	0	0	0	0	0	0	
0	0	0.0078431	0.20784	0	0	0	0	0	0	0	0	0	0	0	0	0	0	0	0	0	0	0	0	0	0	0	0	0	0	
0	0	0.21176	0	0	0	0	0	0	0	0	0	0	0	0	0	0	0	0	0	0	0	0	0	0	0	0	0	0	0	
0	0.14118	0.070588	0	0	0	0	0	0	0	0	0	0	0	0	0	0	0.13725	0.19608	0.20392	0.24706	0.20392	0.20392	0.20392	0.20392	0.20392	0.19608	0.16078	0.011765	0.023529	
0.070588	0.41176	0.20392	0.16471	0.015686	0	0	0	0	0	0	0	0.043137	0.18039	0.20392	0.20392	0.20392	0.062745	0.0039216	0	0	0	0	0	0	0	0.0039216	0.043137	0.20392	0.070588	
0	0.16078	0.20392	0.10196	0.18824	0.20392	0.20392	0.20392	0.20392	0.20392	0.20392	0.20392	0.16078	0.023529	0	0	0	0	0	0	0	0	0	0	0	0	0	0	0	0	
0	0	0	0.14118	0.18039	0.019608	0	0	0	0	0	0	0	0	0	0	0	0	0	0	0	0	0	0	0	0	0	0	0	0	
0	0	0	0	0.023529	0.18431	0.086275	0	0	0	0	0	0	0	0	0	0	0	0	0	0	0	0	0	0	0	0	0	0	0	
0	0	0	0	0	0	0.11373	0.2	0.0078431	0	0	0	0	0	0	0	0	0	0	0	0	0	0	0	0	0	0	0	0	0	
0	0	0	0	0	0	0	0	0.25882	0.039216	0	0	0	0	0	0	0	0	0	0	0	0	0	0	0	0	0	0	0	0	
0	0	0	0	0	0	0	0	0.023529	0.054902	0	0	0	0	0	0	0	0	0	0	0	0	0	0	0	0	0	0	0	0	
0	0	0	0	0	0	0	0	0	0	0	0	0	0	0	0	0	0	0	0	0	0	0	0	0	0	0	0	0	0	
0	0	0	0	0	0	0	0	0	0	0	0	0	0	0	0	0	0	0	0	0	0	0	0	0	0	0	0	0	0	
0	0	0	0	0	0	0	0	0	0	0	0	0	0	0	0	0	0	0	0	0	0	0	0	0	0	0	0	0	0	
0	0	0	0	0	0	0	0	0	0	0	0	0	0	0	0	0	0	0	0	0	0	0	0	0	0	0	0	0	0	
0	0	0	0	0	0	0	0	0	0	0	0	0	0	0	0	0	0	0	0	0	0	0	0	0	0	0	0	0	0	
0	0	0	0	0	0	0	0	0	0	0	0	0	0	0	0	0	0	0	0	0	0	0	0	0	0	0	0	0	0	
0	0	0	0	0	0	0	0	0	0	0	0	0	0	0	0	0	0	0	0	0	0	0	0	0	0	0	0	0	0	
0	0	0	0	0	0	0	0	0	0	0	0	0	0	0	0	0	0	0	0	0	0	0	0	0	0	0	0	0	0	
0	0	0	0	0	0	0	0	0	0	0	0	0	0	0	0	0	0	0	0	0	0	0	0	0	0	0	0	0	0	
0	0	0	0	0	0	0	0	0	0	0	0	0	0	0	0	0	0	0	0	0	0	0	0	0	0	0	0	0	0	
0	0	0	0	0	0	0	0	0	0	0	0	0	0	0	0	0	0	0	0	0	0	0	0	0	0	0	0	0	0	
0	0	0	0	0	0	0	0	0	0	0	0	0	0	0	0	0	0	0	0	0	0	0	0	0	0	0	0	0	0	
0	0	0	0	0	0	0	0	0	0	0	0	0	0	0	0	0	0	0	0	0	0	0	0	0	0	0	0	0	0	
0	0	0	0	0	0	0	0	0	0	0	0	0	0	0	0	0	0	0	0	0	0	0	0	0	0	0	0	0	0	
0	0	0	0	0	0	0	0	0	0	0	0	0	0	0	0	0	0	0	0	0	0	0	0	0	0	0	0	0	0	

1
1
30		30
2
466	173
428	107
466	173
1
465	107
41
466	173
465	170
465	169
464	169
462	168
461	167
455	163
453	162
450	160
448	158
438	152
436	151
434	150
433	150
431	149
430	148
430	147
429	147
428	146
429	145
430	143
434	138
435	136
436	134
438	132
443	126
449	121
453	117
456	114
459	112
460	112
460	111
461	111
461	110
462	110
463	110
464	109
465	109
466	109
466	108
465	107

	430	146
427	140
559	151
1
559	143
49
430	146
427	146
428	146
429	146
430	146
432	146
437	146
438	147
440	147
445	149
450	150
456	151
458	151
461	151
470	151
473	150
478	149
486	147
489	146
494	145
503	143
505	142
509	142
513	141
514	141
515	141
518	141
518	140
520	140
521	140
522	140
523	140
526	140
527	140
529	140
532	140
535	141
537	141
543	141
544	141
547	142
551	142
553	143
555	143
556	143
557	143
558	143
558	142
559	143



0
3
30	30
0	0	0	0	0	0	0	0	0	0	0.019608	0.0078431	0	0	0	0	0	0	0	0	0	0	0	0	0	0	0	0	0	0	
0	0	0	0	0	0	0	0	0	0	0.26275	0.35686	0.13333	0	0	0	0	0	0	0	0	0	0	0	0	0	0	0	0	0	
0	0	0	0	0	0	0	0	0	0.19608	0.38431	0.082353	0.16471	0.12157	0	0	0	0	0	0	0	0	0	0	0	0	0	0	0	0	
0	0	0	0	0	0	0	0	0.18824	0.098039	0.20784	0.082353	0	0.17255	0.11373	0	0	0	0	0	0	0	0	0	0	0	0	0	0	0	
0	0	0	0	0	0	0.054902	0.27059	0.10588	0	0.20784	0.082353	0	0	0.2549	0.031373	0	0	0	0	0	0	0	0	0	0	0	0	0	0	
0	0	0	0	0	0.047059	0.23922	0.027451	0	0	0.20784	0.082353	0	0	0.011765	0.26667	0.011765	0	0	0	0	0	0	0	0	0	0	0	0	0	
0	0	0	0	0.039216	0.24706	0	0	0	0	0.20784	0.082353	0	0	0	0	0.28627	0.090196	0	0	0	0	0	0	0	0	0	0	0	0	
0	0	0	0.039216	0.24706	0	0	0	0	0	0.20784	0.082353	0	0	0	0	0	0.20784	0.16863	0	0	0	0	0	0	0	0	0	0	0	
0	0	0	0.2549	0.031373	0	0	0	0	0	0.20784	0.082353	0	0	0	0	0	0	0.14118	0.23529	0	0	0	0	0	0	0	0	0	0	
0	0	0.22745	0.058824	0	0	0	0	0	0	0.20784	0.082353	0	0	0	0	0	0	0	0.36471	0.011765	0	0	0	0	0	0	0	0	0	
0.035294	0.29804	0.070588	0	0	0	0	0	0	0	0.20784	0.082353	0	0	0	0	0	0	0	0.031373	0.023529	0	0	0	0	0	0	0	0	0	
0	0	0	0	0	0	0	0	0	0	0.20784	0.082353	0	0	0	0	0	0	0	0	0	0	0	0	0	0	0	0	0	0	
0	0	0	0	0	0	0	0	0	0	0.20784	0.082353	0	0	0	0	0	0	0	0	0	0	0	0	0	0	0	0	0	0	
0	0	0	0	0	0	0	0	0	0	0.20784	0.082353	0	0	0	0	0	0	0	0	0	0	0	0	0	0	0	0	0	0	
0	0	0	0	0	0	0	0	0	0	0.20784	0.082353	0	0	0	0	0	0	0	0	0	0	0	0	0	0	0	0	0	0	
0	0	0	0	0	0	0	0	0	0	0.20784	0.082353	0	0	0	0	0	0	0	0	0	0	0	0	0	0	0	0	0	0	
0	0	0	0	0	0	0	0	0	0	0.16471	0.12157	0	0	0	0	0	0	0	0	0	0	0	0	0	0	0	0	0	0	
0	0	0	0	0	0	0	0	0	0	0	0.2902	0	0	0	0	0	0	0	0	0	0	0	0	0	0	0	0	0	0	
0	0	0	0	0	0	0	0	0	0	0	0.2902	0	0	0	0	0	0	0	0	0	0	0	0	0	0	0	0	0	0	
0	0	0	0	0	0	0	0	0	0	0.10196	0.18431	0	0	0	0	0	0	0	0	0	0	0	0	0	0	0	0	0	0	
0	0	0	0	0	0	0	0	0	0	0.20784	0.082353	0	0	0	0	0	0	0	0	0	0	0	0	0	0	0	0	0	0	
0	0	0	0	0	0	0	0	0	0	0.23922	0.047059	0	0	0	0	0	0	0	0	0	0	0	0	0	0	0	0	0	0	
0	0	0	0	0	0	0	0	0	0	0.2902	0	0	0	0	0	0	0	0	0	0	0	0	0	0	0	0	0	0	0	
0	0	0	0	0	0	0	0	0	0	0.2902	0	0	0	0	0	0	0	0	0	0	0	0	0	0	0	0	0	0	0	
0	0	0	0	0	0	0	0	0	0	0.2902	0	0	0	0	0	0	0	0	0	0	0	0	0	0	0	0	0	0	0	
0	0	0	0	0	0	0	0	0	0	0.2902	0	0	0	0	0	0	0	0	0	0	0	0	0	0	0	0	0	0	0	
0	0	0	0	0	0	0	0	0	0	0.2902	0	0	0	0	0	0	0	0	0	0	0	0	0	0	0	0	0	0	0	
0	0	0	0	0	0	0	0	0	0.082353	0.20784	0	0	0	0	0	0	0	0	0	0	0	0	0	0	0	0	0	0	0	
0	0	0	0	0	0	0	0	0	0.31373	0.20784	0	0	0	0	0	0	0	0	0	0	0	0	0	0	0	0	0	0	0	
0	0	0	0	0	0	0	0	0	0.035294	0.019608	0	0	0	0	0	0	0	0	0	0	0	0	0	0	0	0	0	0	0	

1
1
30		30
2
586	132
586	101
651	132
1
648	125
27
586	132
589	131
590	130
591	129
594	126
596	124
597	122
604	115
609	112
612	109
615	106
618	104
620	102
621	101
622	101
624	102
627	105
628	106
630	108
637	116
642	120
646	123
648	125
650	128
651	130
650	127
648	125

	620	100
615	100
621	193
1
615	192
29
620	100
620	101
620	102
620	103
620	105
620	107
620	109
620	116
620	118
620	123
620	131
620	134
620	146
621	153
621	156
621	161
620	167
620	168
619	173
619	177
619	178
619	181
618	185
618	186
617	192
617	193
616	193
616	192
615	192



0
3
30	30
0	0	0	0	0	0	0	0	0	0	0	0	0	0	0	0	0	0	0	0	0.023529	0.086275	0	0	0	0	0	0	0	0	
0	0	0	0	0	0	0	0	0	0	0	0	0	0	0	0	0	0	0	0	0	0.090196	0.12157	0	0	0	0	0	0	0	
0	0	0	0	0	0	0	0	0	0	0	0	0	0	0	0	0	0	0	0	0	0	0.058824	0.15686	0	0	0	0	0	0	
0	0	0	0	0	0	0	0	0	0	0	0	0	0	0	0	0	0	0	0	0	0	0	0.023529	0.18039	0.0078431	0	0	0	0	
0	0	0	0	0	0	0	0	0	0	0	0	0	0	0	0	0	0	0	0	0	0	0	0	0	0.16863	0.086275	0	0	0	
0	0	0	0	0	0	0	0	0	0	0	0	0	0	0	0	0	0	0	0	0	0	0	0	0	0	0.094118	0.17255	0	0	
0	0	0	0	0	0	0	0	0	0	0	0	0	0	0	0	0	0	0	0	0	0	0	0	0	0	0	0.039216	0.18039	0.015686	
0	0	0	0	0	0	0	0	0	0	0	0	0	0	0	0	0	0	0	0	0	0	0	0	0	0	0.17647	0.18039	0.16078	0.18431	
0	0	0	0	0	0	0	0	0	0	0	0	0	0	0	0	0	0.05098	0.05098	0.17647	0.18039	0.18039	0.18039	0.18039	0.18039	0.17647	0.0039216	0	0.17647	0.0078431	
0.011765	0.2	0.18039	0.13725	0.15686	0.18039	0.18039	0.18039	0.18039	0.18039	0.18039	0.18039	0.18039	0.18039	0.18039	0.18039	0.18039	0.12941	0.12941	0	0	0	0	0	0	0	0	0.15686	0.019608	0	
0.082353	0.027451	0.031373	0.043137	0.023529	0	0	0	0	0	0	0	0	0	0	0	0	0	0	0	0	0	0	0	0	0	0.1451	0.031373	0	0	
0	0	0	0	0	0	0	0	0	0	0	0	0	0	0	0	0	0	0	0	0	0	0	0	0	0.062745	0.11373	0	0	0	
0	0	0	0	0	0	0	0	0	0	0	0	0	0	0	0	0	0	0	0	0	0	0	0	0.027451	0.15294	0	0	0	0	
0	0	0	0	0	0	0	0	0	0	0	0	0	0	0	0	0	0	0	0	0	0	0	0	0.18039	0	0	0	0	0	
0	0	0	0	0	0	0	0	0	0	0	0	0	0	0	0	0	0	0	0	0	0	0	0.11765	0.062745	0	0	0	0	0	
0	0	0	0	0	0	0	0	0	0	0	0	0	0	0	0	0	0	0	0	0	0	0.12941	0.070588	0	0	0	0	0	0	
0	0	0	0	0	0	0	0	0	0	0	0	0	0	0	0	0	0	0	0	0	0.1098	0.082353	0	0	0	0	0	0	0	
0	0	0	0	0	0	0	0	0	0	0	0	0	0	0	0	0	0	0	0	0.1098	0.066667	0	0	0	0	0	0	0	0	
0	0	0	0	0	0	0	0	0	0	0	0	0	0	0	0	0	0	0	0.1451	0.066667	0	0	0	0	0	0	0	0	0	
0	0	0	0	0	0	0	0	0	0	0	0	0	0	0	0	0	0.1451	0.18039	0.035294	0	0	0	0	0	0	0	0	0	0	
0	0	0	0	0	0	0	0	0	0	0	0	0	0	0	0	0.027451	0.13333	0	0	0	0	0	0	0	0	0	0	0	0	
0	0	0	0	0	0	0	0	0	0	0	0	0	0	0	0	0	0	0	0	0	0	0	0	0	0	0	0	0	0	
0	0	0	0	0	0	0	0	0	0	0	0	0	0	0	0	0	0	0	0	0	0	0	0	0	0	0	0	0	0	
0	0	0	0	0	0	0	0	0	0	0	0	0	0	0	0	0	0	0	0	0	0	0	0	0	0	0	0	0	0	
0	0	0	0	0	0	0	0	0	0	0	0	0	0	0	0	0	0	0	0	0	0	0	0	0	0	0	0	0	0	
0	0	0	0	0	0	0	0	0	0	0	0	0	0	0	0	0	0	0	0	0	0	0	0	0	0	0	0	0	0	
0	0	0	0	0	0	0	0	0	0	0	0	0	0	0	0	0	0	0	0	0	0	0	0	0	0	0	0	0	0	
0	0	0	0	0	0	0	0	0	0	0	0	0	0	0	0	0	0	0	0	0	0	0	0	0	0	0	0	0	0	
0	0	0	0	0	0	0	0	0	0	0	0	0	0	0	0	0	0	0	0	0	0	0	0	0	0	0	0	0	0	
0	0	0	0	0	0	0	0	0	0	0	0	0	0	0	0	0	0	0	0	0	0	0	0	0	0	0	0	0	0	

1
1
30		30
2
672	221
650	221
718	329
1
653	325
31
672	221
676	224
678	225
680	227
682	229
685	231
687	233
692	238
695	240
697	242
710	250
711	252
718	259
717	260
717	261
715	262
714	264
707	271
704	276
692	291
689	296
681	305
666	319
662	322
657	325
653	328
650	329
651	328
652	327
653	326
653	325

	717	256
561	256
717	273
1
561	273
45
717	256
715	256
714	256
711	257
709	258
704	260
702	260
699	262
692	263
690	264
685	265
674	266
670	266
661	267
650	268
646	268
636	270
623	270
620	270
616	270
608	270
606	270
602	270
595	270
593	271
589	271
582	272
581	272
579	272
576	272
575	272
574	272
573	272
571	272
570	272
570	271
568	271
567	271
566	271
565	271
564	271
564	272
563	272
563	273
561	273



0
3
30	30
0	0	0	0	0	0	0.047059	0	0	0	0	0	0	0	0	0	0	0	0	0	0	0	0	0	0	0	0	0	0	0	
0	0	0	0	0	0	0.33333	0	0	0	0	0	0	0	0	0	0	0	0	0	0	0	0	0	0	0	0	0	0	0	
0	0	0	0	0	0	0.26275	0	0	0	0	0	0	0	0	0	0	0	0	0	0	0	0	0	0	0	0	0	0	0	
0	0	0	0	0	0	0.26275	0	0	0	0	0	0	0	0	0	0	0	0	0	0	0	0	0	0	0	0	0	0	0	
0	0	0	0	0	0	0.26275	0	0	0	0	0	0	0	0	0	0	0	0	0	0	0	0	0	0	0	0	0	0	0	
0	0	0	0	0	0	0.26275	0	0	0	0	0	0	0	0	0	0	0	0	0	0	0	0	0	0	0	0	0	0	0	
0	0	0	0	0	0	0.26275	0	0	0	0	0	0	0	0	0	0	0	0	0	0	0	0	0	0	0	0	0	0	0	
0	0	0	0	0	0	0.26275	0	0	0	0	0	0	0	0	0	0	0	0	0	0	0	0	0	0	0	0	0	0	0	
0	0	0	0	0	0	0.26275	0	0	0	0	0	0	0	0	0	0	0	0	0	0	0	0	0	0	0	0	0	0	0	
0	0	0	0	0	0	0.26275	0	0	0	0	0	0	0	0	0	0	0	0	0	0	0	0	0	0	0	0	0	0	0	
0	0	0	0	0	0	0.26275	0	0	0	0	0	0	0	0	0	0	0	0	0	0	0	0	0	0	0	0	0	0	0	
0	0	0	0	0	0	0.26275	0	0	0	0	0	0	0	0	0	0	0	0	0	0	0	0	0	0	0	0	0	0	0	
0	0	0	0	0	0	0.26275	0	0	0	0	0	0	0	0	0	0	0	0	0	0	0	0	0	0	0	0	0	0	0	
0	0	0	0	0	0	0.26275	0	0	0	0	0	0	0	0	0	0	0	0	0	0	0	0	0	0	0	0	0	0	0	
0	0	0	0	0	0	0.26275	0	0	0	0	0	0	0	0	0	0	0	0	0	0	0	0	0	0	0	0	0	0	0	
0	0	0	0	0	0	0.21961	0.039216	0	0	0	0	0	0	0	0	0	0	0	0	0	0	0	0	0	0	0	0	0	0	
0	0	0	0	0	0	0.098039	0.16078	0	0	0	0	0	0	0	0	0	0	0	0	0	0	0	0	0	0	0	0	0	0	
0	0	0	0	0	0	0	0.26275	0	0	0	0	0.14118	0.1098	0	0	0	0	0	0	0	0	0	0	0	0	0	0	0	0	
0.054902	0.10588	0	0	0	0	0	0.26275	0	0	0	0	0.26275	0	0	0	0	0	0	0	0	0	0	0	0	0	0	0	0	0	
0	0.16078	0.098039	0	0	0	0	0.26275	0	0	0	0	0.26275	0	0	0	0	0	0	0	0	0	0	0	0	0	0	0	0	0	
0	0	0.23137	0.031373	0	0	0	0.26275	0	0	0	0.082353	0.18039	0	0	0	0	0	0	0	0	0	0	0	0	0	0	0	0	0	
0	0	0.0039216	0.2549	0	0	0	0.090196	0.17255	0	0	0.20784	0.05098	0	0	0	0	0	0	0	0	0	0	0	0	0	0	0	0	0	
0	0	0	0.05098	0.20784	0	0	0.011765	0.25098	0	0	0.26275	0	0	0	0	0	0	0	0	0	0	0	0	0	0	0	0	0	0	
0	0	0	0	0.12941	0.13333	0	0	0.26275	0	0.082353	0.18039	0	0	0	0	0	0	0	0	0	0	0	0	0	0	0	0	0	0	
0	0	0	0	0	0.25098	0.0078431	0	0.26275	0	0.25882	0.0039216	0	0	0	0	0	0	0	0	0	0	0	0	0	0	0	0	0	0	
0	0	0	0	0	0.023529	0.23529	0	0.26275	0	0.26275	0	0	0	0	0	0	0	0	0	0	0	0	0	0	0	0	0	0	0	
0	0	0	0	0	0	0.16078	0.098039	0.26275	0.11373	0.1451	0	0	0	0	0	0	0	0	0	0	0	0	0	0	0	0	0	0	0	
0	0	0	0	0	0	0	0.23137	0.29412	0.25098	0.0078431	0	0	0	0	0	0	0	0	0	0	0	0	0	0	0	0	0	0	0	
0	0	0	0	0	0	0	0.0078431	0.26667	0.34902	0	0	0	0	0	0	0	0	0	0	0	0	0	0	0	0	0	0	0	0	
0	0	0	0	0	0	0	0	0	0.094118	0	0	0	0	0	0	0	0	0	0	0	0	0	0	0	0	0	0	0	0	

1
1
30		30
2
56	214
56	209
102	253
1
102	209
30
56	214
58	216
59	217
60	218
61	219
62	221
65	224
66	225
67	227
68	228
72	233
73	235
76	239
80	245
81	246
83	249
86	252
87	253
88	253
88	251
90	246
93	237
96	230
97	226
98	224
100	217
101	212
101	211
102	210
102	209

	87	250
76	149
87	250
1
76	152
33
87	250
86	249
86	248
86	246
86	245
86	238
85	235
85	232
81	215
80	211
80	208
78	199
78	197
78	196
77	190
77	188
76	184
76	180
76	179
76	178
76	176
76	174
76	171
77	164
77	162
77	157
77	153
77	152
76	150
76	149
76	150
76	151
76	152



0
3
30	30
0	0	0	0	0	0	0	0	0	0.05098	0	0	0	0	0	0	0	0	0	0	0	0	0	0	0	0	0	0	0	0	
0	0	0	0	0	0	0	0.1098	0.30196	0.31373	0	0	0	0	0	0	0	0	0	0	0	0	0	0	0	0	0	0	0	0	
0	0	0	0	0.035294	0.035294	0.16471	0.19608	0	0	0	0	0	0	0	0	0	0	0	0	0	0	0	0	0	0	0	0	0	0	
0	0	0.043137	0.26275	0.22745	0.22745	0.10196	0	0	0	0	0	0	0	0	0	0	0	0	0	0	0	0	0	0	0	0	0	0	0	
0	0.0039216	0.27059	0	0	0	0	0	0	0	0	0	0	0.039216	0.16863	0.26667	0.26667	0.26667	0.26667	0.26667	0.26667	0.26667	0.26667	0.26667	0.26667	0.18039	0.094118	0	0	0	
0.011765	0.30588	0.086275	0	0	0	0	0	0	0	0	0.035294	0.2549	0.22745	0.098039	0	0	0	0	0	0	0	0	0	0	0.086275	0.16863	0.34118	0.20392	0	
0.070588	0.45098	0.20392	0.26667	0.26667	0.26667	0.26667	0.26667	0.26667	0.26667	0.26667	0.22745	0.0078431	0	0	0	0	0	0	0	0	0	0	0	0	0	0	0	0.24706	0.082353	
0	0.082353	0.19216	0	0	0	0	0	0	0	0	0	0	0	0	0	0	0	0	0	0	0	0	0	0	0	0	0	0	0	
0	0	0.070588	0.20392	0	0	0	0	0	0	0	0	0	0	0	0	0	0	0	0	0	0	0	0	0	0	0	0	0	0	
0	0	0	0.13725	0.14118	0	0	0	0	0	0	0	0	0	0	0	0	0	0	0	0	0	0	0	0	0	0	0	0	0	
0	0	0	0	0.12549	0.14902	0	0	0	0	0	0	0	0	0	0	0	0	0	0	0	0	0	0	0	0	0	0	0	0	
0	0	0	0	0	0.11373	0.16078	0	0	0	0	0	0	0	0	0	0	0	0	0	0	0	0	0	0	0	0	0	0	0	
0	0	0	0	0	0	0.10196	0.18431	0.031373	0	0	0	0	0	0	0	0	0	0	0	0	0	0	0	0	0	0	0	0	0	
0	0	0	0	0	0	0	0.082353	0.078431	0	0	0	0	0	0	0	0	0	0	0	0	0	0	0	0	0	0	0	0	0	
0	0	0	0	0	0	0	0	0	0	0	0	0	0	0	0	0	0	0	0	0	0	0	0	0	0	0	0	0	0	
0	0	0	0	0	0	0	0	0	0	0	0	0	0	0	0	0	0	0	0	0	0	0	0	0	0	0	0	0	0	
0	0	0	0	0	0	0	0	0	0	0	0	0	0	0	0	0	0	0	0	0	0	0	0	0	0	0	0	0	0	
0	0	0	0	0	0	0	0	0	0	0	0	0	0	0	0	0	0	0	0	0	0	0	0	0	0	0	0	0	0	
0	0	0	0	0	0	0	0	0	0	0	0	0	0	0	0	0	0	0	0	0	0	0	0	0	0	0	0	0	0	
0	0	0	0	0	0	0	0	0	0	0	0	0	0	0	0	0	0	0	0	0	0	0	0	0	0	0	0	0	0	
0	0	0	0	0	0	0	0	0	0	0	0	0	0	0	0	0	0	0	0	0	0	0	0	0	0	0	0	0	0	
0	0	0	0	0	0	0	0	0	0	0	0	0	0	0	0	0	0	0	0	0	0	0	0	0	0	0	0	0	0	
0	0	0	0	0	0	0	0	0	0	0	0	0	0	0	0	0	0	0	0	0	0	0	0	0	0	0	0	0	0	
0	0	0	0	0	0	0	0	0	0	0	0	0	0	0	0	0	0	0	0	0	0	0	0	0	0	0	0	0	0	
0	0	0	0	0	0	0	0	0	0	0	0	0	0	0	0	0	0	0	0	0	0	0	0	0	0	0	0	0	0	
0	0	0	0	0	0	0	0	0	0	0	0	0	0	0	0	0	0	0	0	0	0	0	0	0	0	0	0	0	0	
0	0	0	0	0	0	0	0	0	0	0	0	0	0	0	0	0	0	0	0	0	0	0	0	0	0	0	0	0	0	
0	0	0	0	0	0	0	0	0	0	0	0	0	0	0	0	0	0	0	0	0	0	0	0	0	0	0	0	0	0	
0	0	0	0	0	0	0	0	0	0	0	0	0	0	0	0	0	0	0	0	0	0	0	0	0	0	0	0	0	0	
0	0	0	0	0	0	0	0	0	0	0	0	0	0	0	0	0	0	0	0	0	0	0	0	0	0	0	0	0	0	

1
1
30		30
2
186	199
160	154
191	199
1
191	156
37
186	199
185	199
184	199
183	198
182	197
181	196
171	186
169	183
167	181
164	178
161	175
161	174
160	174
160	173
161	173
161	172
164	169
165	168
166	167
169	163
170	163
173	162
174	162
178	162
179	162
182	160
183	159
184	158
185	157
185	156
186	156
188	155
189	155
190	154
190	155
191	155
191	156

	160	173
160	166
260	176
1
260	176
49
160	173
161	173
162	173
163	173
164	173
167	174
168	174
171	174
175	174
176	174
180	175
185	175
187	175
189	175
197	174
199	173
201	172
207	169
209	169
211	168
214	167
219	166
220	166
223	166
225	166
227	166
229	166
232	166
233	166
235	167
239	168
240	168
242	168
246	168
247	169
248	169
251	169
252	170
253	170
254	170
254	171
256	171
257	172
258	172
258	173
259	173
259	174
260	175
260	176



0
3
30	30
0	0	0	0	0	0	0	0.031373	0	0	0	0	0	0	0	0	0	0	0	0	0	0	0	0	0	0	0	0	0	0	
0	0	0	0	0	0	0	0.55294	0.17255	0	0	0	0	0	0	0	0	0	0	0	0	0	0	0	0	0	0	0	0	0	
0	0	0	0	0	0	0.19216	0.35686	0.33725	0	0	0	0	0	0	0	0	0	0	0	0	0	0	0	0	0	0	0	0	0	
0	0	0	0	0	0.18039	0.11373	0.2549	0.20784	0.12941	0	0	0	0	0	0	0	0	0	0	0	0	0	0	0	0	0	0	0	0	
0	0	0	0	0.070588	0.22353	0	0.2549	0.043137	0.2902	0	0	0	0	0	0	0	0	0	0	0	0	0	0	0	0	0	0	0	0	
0	0	0	0.0078431	0.28627	0	0	0.15686	0.13725	0.05098	0.24314	0	0	0	0	0	0	0	0	0	0	0	0	0	0	0	0	0	0	0	
0	0	0	0.2549	0.039216	0	0	0	0.29412	0	0.16078	0.13333	0	0	0	0	0	0	0	0	0	0	0	0	0	0	0	0	0	0	
0	0	0.15294	0.14118	0	0	0	0	0.29412	0	0	0.2549	0.039216	0	0	0	0	0	0	0	0	0	0	0	0	0	0	0	0	0	
0	0.05098	0.24314	0	0	0	0	0.062745	0.23137	0	0	0.0078431	0.43922	0.031373	0	0	0	0	0	0	0	0	0	0	0	0	0	0	0	0	
0.031373	0.25882	0.0039216	0	0	0	0	0.2549	0.039216	0	0	0	0.015686	0	0	0	0	0	0	0	0	0	0	0	0	0	0	0	0	0	
0	0	0	0	0	0	0	0.2549	0.039216	0	0	0	0	0	0	0	0	0	0	0	0	0	0	0	0	0	0	0	0	0	
0	0	0	0	0	0	0	0.2549	0.039216	0	0	0	0	0	0	0	0	0	0	0	0	0	0	0	0	0	0	0	0	0	
0	0	0	0	0	0	0	0.2549	0.039216	0	0	0	0	0	0	0	0	0	0	0	0	0	0	0	0	0	0	0	0	0	
0	0	0	0	0	0	0	0.2902	0.0039216	0	0	0	0	0	0	0	0	0	0	0	0	0	0	0	0	0	0	0	0	0	
0	0	0	0	0	0	0	0.29412	0	0	0	0	0	0	0	0	0	0	0	0	0	0	0	0	0	0	0	0	0	0	
0	0	0	0	0	0	0	0.29412	0	0	0	0	0	0	0	0	0	0	0	0	0	0	0	0	0	0	0	0	0	0	
0	0	0	0	0	0	0	0.29412	0	0	0	0	0	0	0	0	0	0	0	0	0	0	0	0	0	0	0	0	0	0	
0	0	0	0	0	0	0.11765	0.17647	0	0	0	0	0	0	0	0	0	0	0	0	0	0	0	0	0	0	0	0	0	0	
0	0	0	0	0	0	0.1451	0.1451	0	0	0	0	0	0	0	0	0	0	0	0	0	0	0	0	0	0	0	0	0	0	
0	0	0	0	0	0	0.1451	0.1451	0	0	0	0	0	0	0	0	0	0	0	0	0	0	0	0	0	0	0	0	0	0	
0	0	0	0	0	0	0.20392	0.090196	0	0	0	0	0	0	0	0	0	0	0	0	0	0	0	0	0	0	0	0	0	0	
0	0	0	0	0	0	0.29412	0	0	0	0	0	0	0	0	0	0	0	0	0	0	0	0	0	0	0	0	0	0	0	
0	0	0	0	0	0	0.29412	0	0	0	0	0	0	0	0	0	0	0	0	0	0	0	0	0	0	0	0	0	0	0	
0	0	0	0	0	0	0.21176	0.082353	0	0	0	0	0	0	0	0	0	0	0	0	0	0	0	0	0	0	0	0	0	0	
0	0	0	0	0	0	0.0078431	0.28627	0	0	0	0	0	0	0	0	0	0	0	0	0	0	0	0	0	0	0	0	0	0	
0	0	0	0	0	0	0	0.29412	0	0	0	0	0	0	0	0	0	0	0	0	0	0	0	0	0	0	0	0	0	0	
0	0	0	0	0	0	0	0.27843	0.015686	0	0	0	0	0	0	0	0	0	0	0	0	0	0	0	0	0	0	0	0	0	
0	0	0	0	0	0	0	0.2549	0.039216	0	0	0	0	0	0	0	0	0	0	0	0	0	0	0	0	0	0	0	0	0	
0	0	0	0	0	0	0	0.2549	0.039216	0	0	0	0	0	0	0	0	0	0	0	0	0	0	0	0	0	0	0	0	0	
0	0	0	0	0	0	0	0.015686	0	0	0	0	0	0	0	0	0	0	0	0	0	0	0	0	0	0	0	0	0	0	

1
1
30		30
2
370	111
370	83
410	111
1
408	108
32
370	111
371	110
372	109
373	108
374	107
375	106
376	105
378	102
381	98
385	93
385	92
386	91
388	89
389	88
390	87
391	86
391	85
392	84
392	83
393	83
393	84
394	85
394	86
397	91
398	93
399	95
401	97
406	104
407	105
408	106
410	107
408	108

	393	85
389	85
394	172
1
393	172
27
393	85
393	86
393	87
393	89
393	91
393	93
394	98
394	101
394	107
393	121
392	125
391	134
390	143
390	145
389	148
389	153
391	157
392	161
392	162
392	163
392	164
393	165
393	168
393	169
393	170
393	171
393	172



0
3
30	30
0	0	0	0	0	0	0	0	0	0	0	0	0	0	0	0	0	0	0	0	0.019608	0	0	0	0	0	0	0	0	0	
0	0	0	0	0	0	0	0	0	0	0	0	0	0	0	0	0	0	0	0	0.22353	0.14118	0	0	0	0	0	0	0	0	
0	0	0	0	0	0	0	0	0	0	0	0	0	0	0	0	0	0	0	0	0	0.16863	0.2902	0.027451	0	0	0	0	0	0	
0	0	0	0	0	0	0	0	0	0	0	0	0	0	0	0	0	0	0	0	0	0	0.019608	0.28235	0.12157	0	0	0	0	0	
0	0	0	0	0	0	0	0	0	0	0	0	0	0	0	0	0	0	0	0	0	0	0	0	0.18824	0.3098	0.3098	0.3098	0.011765	0	
0	0	0	0	0	0	0	0	0	0	0	0	0	0	0	0	0	0	0	0	0	0	0	0	0	0	0.12157	0.43137	0.51765	0.0039216	
0	0	0	0	0	0	0	0	0	0	0	0	0	0	0	0	0	0	0	0	0	0	0	0.062745	0.28627	0.3098	0.21961	0.36863	0.023529	0	
0	0	0	0	0	0	0	0	0	0	0	0	0	0	0	0	0	0.070588	0.18431	0.18431	0.24314	0.3098	0.3098	0.24706	0.023529	0.043137	0.26667	0.011765	0	0	
0	0	0	0	0	0	0	0	0	0	0.14118	0.24706	0.24706	0.24706	0.3098	0.31765	0.40392	0.23529	0.12157	0.12157	0.066667	0	0	0	0	0.28627	0.035294	0	0	0	
0.0039216	0.3098	0.3098	0.3098	0.3098	0.3098	0.3098	0.3098	0.3098	0.3098	0.16863	0.058824	0.058824	0.058824	0	0	0	0	0	0	0	0	0	0	0.27059	0.05098	0	0	0	0	
0	0	0	0	0	0	0	0	0	0	0	0	0	0	0	0	0	0	0	0	0	0	0	0.24314	0.078431	0	0	0	0	0	
0	0	0	0	0	0	0	0	0	0	0	0	0	0	0	0	0	0	0	0	0	0	0.19608	0.12549	0	0	0	0	0	0	
0	0	0	0	0	0	0	0	0	0	0	0	0	0	0	0	0	0	0	0.019608	0.062745	0.28627	0.11373	0	0	0	0	0	0	0	
0	0	0	0	0	0	0	0	0	0	0	0	0	0	0	0	0	0	0	0.10588	0.51765	0.023529	0	0	0	0	0	0	0	0	
0	0	0	0	0	0	0	0	0	0	0	0	0	0	0	0	0	0	0	0.0039216	0.031373	0	0	0	0	0	0	0	0	0	
0	0	0	0	0	0	0	0	0	0	0	0	0	0	0	0	0	0	0	0	0	0	0	0	0	0	0	0	0	0	
0	0	0	0	0	0	0	0	0	0	0	0	0	0	0	0	0	0	0	0	0	0	0	0	0	0	0	0	0	0	
0	0	0	0	0	0	0	0	0	0	0	0	0	0	0	0	0	0	0	0	0	0	0	0	0	0	0	0	0	0	
0	0	0	0	0	0	0	0	0	0	0	0	0	0	0	0	0	0	0	0	0	0	0	0	0	0	0	0	0	0	
0	0	0	0	0	0	0	0	0	0	0	0	0	0	0	0	0	0	0	0	0	0	0	0	0	0	0	0	0	0	
0	0	0	0	0	0	0	0	0	0	0	0	0	0	0	0	0	0	0	0	0	0	0	0	0	0	0	0	0	0	
0	0	0	0	0	0	0	0	0	0	0	0	0	0	0	0	0	0	0	0	0	0	0	0	0	0	0	0	0	0	
0	0	0	0	0	0	0	0	0	0	0	0	0	0	0	0	0	0	0	0	0	0	0	0	0	0	0	0	0	0	
0	0	0	0	0	0	0	0	0	0	0	0	0	0	0	0	0	0	0	0	0	0	0	0	0	0	0	0	0	0	
0	0	0	0	0	0	0	0	0	0	0	0	0	0	0	0	0	0	0	0	0	0	0	0	0	0	0	0	0	0	
0	0	0	0	0	0	0	0	0	0	0	0	0	0	0	0	0	0	0	0	0	0	0	0	0	0	0	0	0	0	
0	0	0	0	0	0	0	0	0	0	0	0	0	0	0	0	0	0	0	0	0	0	0	0	0	0	0	0	0	0	
0	0	0	0	0	0	0	0	0	0	0	0	0	0	0	0	0	0	0	0	0	0	0	0	0	0	0	0	0	0	
0	0	0	0	0	0	0	0	0	0	0	0	0	0	0	0	0	0	0	0	0	0	0	0	0	0	0	0	0	0	
0	0	0	0	0	0	0	0	0	0	0	0	0	0	0	0	0	0	0	0	0	0	0	0	0	0	0	0	0	0	

1
1
30		30
2
454	110
452	110
479	151
1
452	148
30
454	110
456	113
458	114
459	115
462	117
465	119
466	120
467	121
471	122
472	122
473	122
475	122
476	122
476	123
478	123
479	123
478	124
477	125
476	127
474	128
470	133
468	135
464	140
458	146
456	147
454	150
453	151
452	151
452	150
452	148

	475	124
394	124
475	138
1
394	138
44
475	124
475	125
474	125
473	125
472	126
470	127
468	127
464	129
462	130
458	131
453	132
452	132
449	132
446	132
445	132
444	133
442	133
440	133
440	134
438	134
434	134
433	135
430	135
427	135
426	135
425	135
422	136
420	137
419	137
417	137
414	138
413	138
412	138
410	138
409	138
407	138
406	138
404	138
400	138
399	138
397	138
396	138
395	138
394	138



0
3
30	30
0	0	0	0	0	0	0	0	0	0	0	0	0	0	0	0	0	0	0	0	0	0	0	0	0	0	0	0	0	0	
0	0	0	0	0	0	0	0	0	0.24706	0.21176	0	0	0	0	0	0	0	0	0	0	0	0	0	0	0	0	0	0	0	
0	0	0	0	0	0	0	0	0	0.11765	0.25882	0	0	0	0	0	0	0	0	0	0	0	0	0	0	0	0	0	0	0	
0	0	0	0	0	0	0	0	0	0.1098	0.41569	0	0	0	0	0	0	0	0	0	0	0	0	0	0	0	0	0	0	0	
0	0	0	0	0	0	0	0	0	0	0.37647	0	0	0	0	0	0	0	0	0	0	0	0	0	0	0	0	0	0	0	
0	0	0	0	0	0	0	0	0	0	0.37647	0	0	0	0	0	0	0	0	0	0	0	0	0	0	0	0	0	0	0	
0	0	0	0	0	0	0	0	0	0	0.37255	0.0039216	0	0	0	0	0	0	0	0	0	0	0	0	0	0	0	0	0	0	
0	0	0	0	0	0	0	0	0	0	0.35686	0.019608	0	0	0	0	0	0	0	0	0	0	0	0	0	0	0	0	0	0	
0	0	0	0	0	0	0	0	0	0	0.35686	0.019608	0	0	0	0	0	0	0	0	0	0	0	0	0	0	0	0	0	0	
0	0	0	0	0	0	0	0	0	0	0.35686	0.019608	0	0	0	0	0	0	0	0	0	0	0	0	0	0	0	0	0	0	
0	0	0	0	0	0	0	0	0	0	0.35686	0.019608	0	0	0	0	0	0	0	0	0	0	0	0	0	0	0	0	0	0	
0	0	0	0	0	0	0	0	0	0	0.35686	0.019608	0	0	0	0	0	0	0	0	0	0	0	0	0	0	0	0	0	0	
0	0	0	0	0	0	0	0	0	0	0.35686	0.019608	0	0	0	0	0	0	0	0	0	0	0	0	0	0	0	0	0	0	
0	0	0	0	0	0	0	0	0	0	0.35686	0.019608	0	0	0	0	0	0	0	0	0	0	0	0	0	0	0	0	0	0	
0	0	0	0	0	0	0	0	0	0	0.35686	0.019608	0	0	0	0	0	0	0	0	0	0	0	0	0	0	0	0	0	0	
0	0	0	0	0	0	0	0	0	0	0.35686	0.019608	0	0	0	0	0	0	0	0	0	0	0	0	0	0	0	0	0	0	
0	0	0	0	0	0	0	0	0	0	0.20784	0.16863	0	0	0	0	0	0.15686	0	0	0	0	0	0	0	0	0	0	0	0	
0	0	0	0	0	0	0	0	0	0	0	0.37647	0	0	0	0	0.062745	0.3098	0	0	0	0	0	0	0	0	0	0	0	0	
0	0.39608	0.40784	0	0	0	0	0	0	0	0	0.37647	0	0	0	0	0.27843	0.098039	0	0	0	0	0	0	0	0	0	0	0	0	
0	0.12941	0.38039	0.27843	0	0	0	0	0	0	0	0.37647	0	0	0	0	0.3451	0.031373	0	0	0	0	0	0	0	0	0	0	0	0	
0	0	0	0.35686	0.34902	0	0	0	0	0	0	0.37647	0	0	0	0.058824	0.31765	0	0	0	0	0	0	0	0	0	0	0	0	0	
0	0	0	0	0.67059	0.12549	0	0	0	0	0	0.37647	0	0	0	0.37647	0	0	0	0	0	0	0	0	0	0	0	0	0	0	
0	0	0	0	0.062745	0.30588	0.0078431	0	0	0	0	0.37647	0	0	0.086275	0.28627	0	0	0	0	0	0	0	0	0	0	0	0	0	0	
0	0	0	0	0	0.086275	0.37255	0.18824	0	0	0	0.37647	0	0	0.32157	0.054902	0	0	0	0	0	0	0	0	0	0	0	0	0	0	
0	0	0	0	0	0	0.011765	0.20392	0.18824	0	0	0.37647	0	0.039216	0.33725	0	0	0	0	0	0	0	0	0	0	0	0	0	0	0	
0	0	0	0	0	0	0	0	0.2	0.17647	0	0.25882	0.11765	0.36078	0.015686	0	0	0	0	0	0	0	0	0	0	0	0	0	0	0	
0	0	0	0	0	0	0	0	0	0.21569	0.30588	0.21961	0.28235	0.2549	0	0	0	0	0	0	0	0	0	0	0	0	0	0	0	0	
0	0	0	0	0	0	0	0	0	0	0.082353	0.51373	0.53725	0	0	0	0	0	0	0	0	0	0	0	0	0	0	0	0	0	
0	0	0	0	0	0	0	0	0	0	0	0.48627	0.2902	0	0	0	0	0	0	0	0	0	0	0	0	0	0	0	0	0	
0	0	0	0	0	0	0	0	0	0	0	0	0	0	0	0	0	0	0	0	0	0	0	0	0	0	0	0	0	0	

1
1
30		30
3
290	117
288	105
323	135
1
323	105
28
290	117
289	117
288	117
289	117
289	118
292	121
293	122
295	123
298	125
302	129
303	130
304	130
306	132
306	133
307	134
307	135
308	135
309	134
309	133
310	131
311	130
314	125
320	113
321	111
321	109
322	107
323	106
323	105

	289	117
280	109
289	117
1
280	111
18
289	117
289	116
288	116
288	115
287	115
287	114
286	114
285	113
285	112
284	112
284	111
283	111
283	110
282	110
282	109
281	109
280	110
280	111

	308	135
302	66
308	135
1
302	67
35
308	135
308	134
308	133
308	130
308	129
308	128
308	127
307	121
307	119
307	115
307	112
306	107
306	105
305	96
305	95
305	92
305	86
305	85
305	83
305	81
305	80
304	79
304	77
304	76
304	74
304	73
304	72
303	72
303	71
303	70
303	69
303	68
303	67
303	66
302	67



0
3
30	30
0	0	0	0	0	0	0	0	0.094118	0.11373	0	0	0	0	0	0	0	0	0	0	0	0	0	0	0	0	0	0	0	0	
0	0	0	0	0	0	0	0.0078431	0.18039	0.37255	0	0	0	0	0	0	0	0	0	0	0	0	0	0	0	0	0	0	0	0	
0	0	0	0	0	0	0.21176	0.33725	0.12549	0	0	0	0	0	0	0	0	0	0	0	0	0	0	0	0	0	0	0	0	0	
0	0	0	0	0	0.28235	0.054902	0	0	0	0	0	0	0	0	0	0	0	0	0	0	0	0	0	0	0	0	0	0	0	
0	0	0	0.039216	0.23137	0.058824	0	0	0	0	0	0	0	0	0	0	0	0	0	0	0	0.023529	0.12157	0.12157	0.12157	0.12157	0.12157	0.12157	0.25882	0.078431	
0	0	0.1451	0.22745	0.035294	0	0	0	0	0	0	0	0	0	0	0.039216	0.039216	0.039216	0.039216	0.039216	0.24706	0.24314	0.1451	0.1451	0.1451	0.1451	0.1451	0.1451	0.043137	0	
0.031373	0.31373	0.12157	0	0	0	0	0.21176	0.22745	0.22745	0.26275	0.27059	0.27059	0.27059	0.27059	0.22745	0.22745	0.22745	0.22745	0.22745	0.019608	0	0	0	0	0	0	0	0	0	
0.0039216	0.19216	0.54118	0.34118	0.27059	0.27059	0.27059	0.058824	0.039216	0.039216	0.0078431	0	0	0	0	0	0	0	0	0	0	0	0	0	0	0	0	0	0	0	
0	0	0	0.19608	0.27059	0.043137	0	0	0	0	0	0	0	0	0	0	0	0	0	0	0	0	0	0	0	0	0	0	0	0	
0	0	0	0	0	0.22745	0.12941	0	0	0	0	0	0	0	0	0	0	0	0	0	0	0	0	0	0	0	0	0	0	0	
0	0	0	0	0	0	0.13725	0.21961	0	0	0	0	0	0	0	0	0	0	0	0	0	0	0	0	0	0	0	0	0	0	
0	0	0	0	0	0	0	0.047059	0.27059	0.13725	0	0	0	0	0	0	0	0	0	0	0	0	0	0	0	0	0	0	0	0	
0	0	0	0	0	0	0	0	0	0.10588	0	0	0	0	0	0	0	0	0	0	0	0	0	0	0	0	0	0	0	0	
0	0	0	0	0	0	0	0	0	0	0	0	0	0	0	0	0	0	0	0	0	0	0	0	0	0	0	0	0	0	
0	0	0	0	0	0	0	0	0	0	0	0	0	0	0	0	0	0	0	0	0	0	0	0	0	0	0	0	0	0	
0	0	0	0	0	0	0	0	0	0	0	0	0	0	0	0	0	0	0	0	0	0	0	0	0	0	0	0	0	0	
0	0	0	0	0	0	0	0	0	0	0	0	0	0	0	0	0	0	0	0	0	0	0	0	0	0	0	0	0	0	
0	0	0	0	0	0	0	0	0	0	0	0	0	0	0	0	0	0	0	0	0	0	0	0	0	0	0	0	0	0	
0	0	0	0	0	0	0	0	0	0	0	0	0	0	0	0	0	0	0	0	0	0	0	0	0	0	0	0	0	0	
0	0	0	0	0	0	0	0	0	0	0	0	0	0	0	0	0	0	0	0	0	0	0	0	0	0	0	0	0	0	
0	0	0	0	0	0	0	0	0	0	0	0	0	0	0	0	0	0	0	0	0	0	0	0	0	0	0	0	0	0	
0	0	0	0	0	0	0	0	0	0	0	0	0	0	0	0	0	0	0	0	0	0	0	0	0	0	0	0	0	0	
0	0	0	0	0	0	0	0	0	0	0	0	0	0	0	0	0	0	0	0	0	0	0	0	0	0	0	0	0	0	
0	0	0	0	0	0	0	0	0	0	0	0	0	0	0	0	0	0	0	0	0	0	0	0	0	0	0	0	0	0	
0	0	0	0	0	0	0	0	0	0	0	0	0	0	0	0	0	0	0	0	0	0	0	0	0	0	0	0	0	0	
0	0	0	0	0	0	0	0	0	0	0	0	0	0	0	0	0	0	0	0	0	0	0	0	0	0	0	0	0	0	
0	0	0	0	0	0	0	0	0	0	0	0	0	0	0	0	0	0	0	0	0	0	0	0	0	0	0	0	0	0	
0	0	0	0	0	0	0	0	0	0	0	0	0	0	0	0	0	0	0	0	0	0	0	0	0	0	0	0	0	0	
0	0	0	0	0	0	0	0	0	0	0	0	0	0	0	0	0	0	0	0	0	0	0	0	0	0	0	0	0	0	
0	0	0	0	0	0	0	0	0	0	0	0	0	0	0	0	0	0	0	0	0	0	0	0	0	0	0	0	0	0	

1
1
30		30
2
540	127
509	86
540	127
1
536	86
41
540	127
539	127
538	126
537	126
536	125
531	122
527	118
522	115
518	113
515	111
514	111
513	110
512	109
511	109
510	108
509	108
510	108
511	107
514	105
517	103
520	101
521	100
522	99
525	97
527	94
528	93
529	93
530	92
531	92
531	91
532	91
533	91
535	90
536	90
537	89
538	89
539	89
539	88
539	86
538	86
536	86

	510	108
510	99
608	111
1
608	99
51
510	108
511	108
511	109
513	109
513	110
514	110
515	110
520	111
521	110
522	110
526	110
527	109
530	109
534	108
535	108
538	108
540	108
541	108
544	107
546	107
547	107
548	106
551	106
553	106
555	106
558	106
563	105
565	105
566	105
570	105
571	105
573	105
576	105
578	104
580	103
584	101
585	101
587	101
588	101
589	101
590	101
593	101
594	101
596	101
600	101
602	101
605	101
606	100
607	100
608	100
608	99



0
3
30	30
0	0	0	0	0	0	0.019608	0.20392	0	0	0	0	0	0	0	0	0	0	0	0	0	0	0	0	0	0	0	0	0	0	
0	0	0	0	0	0	0.13333	0.11765	0.11765	0	0	0	0	0	0	0	0	0	0	0	0	0	0	0	0	0	0	0	0	0	
0	0	0	0	0	0.066667	0.05098	0.11765	0.05098	0.066667	0	0	0	0	0	0	0	0	0	0	0	0	0	0	0	0	0	0	0	0	
0	0	0	0	0	0.11373	0	0.11765	0	0.098039	0.019608	0	0	0	0	0	0	0	0	0	0	0	0	0	0	0	0	0	0	0	
0	0	0	0	0.12157	0.0078431	0	0.11765	0	0	0.11765	0	0	0	0	0	0	0	0	0	0	0	0	0	0	0	0	0	0	0	
0	0	0	0.058824	0.058824	0	0	0.11765	0	0	0.023529	0.094118	0	0	0	0	0	0	0	0	0	0	0	0	0	0	0	0	0	0	
0	0	0	0.11765	0	0	0	0.11765	0	0	0	0.027451	0.090196	0	0	0	0	0	0	0	0	0	0	0	0	0	0	0	0	0	
0	0	0.082353	0.035294	0	0	0	0.11765	0	0	0	0	0.031373	0.086275	0	0	0	0	0	0	0	0	0	0	0	0	0	0	0	0	
0	0.0039216	0.1098	0	0	0	0	0.11765	0	0	0	0	0	0.082353	0.035294	0	0	0	0	0	0	0	0	0	0	0	0	0	0	0	
0	0.1098	0.0039216	0	0	0	0	0.11765	0	0	0	0	0	0	0.11373	0	0	0	0	0	0	0	0	0	0	0	0	0	0	0	
0.031373	0.086275	0	0	0	0	0	0.11765	0	0	0	0	0	0	0	0.11765	0	0	0	0	0	0	0	0	0	0	0	0	0	0	
0.13333	0	0	0	0	0	0	0.11765	0	0	0	0	0	0	0.0078431	0.078431	0	0	0	0	0	0	0	0	0	0	0	0	0	0	
0	0	0	0	0	0	0	0.11765	0	0	0	0	0	0	0	0	0	0	0	0	0	0	0	0	0	0	0	0	0	0	
0	0	0	0	0	0	0.019608	0.098039	0	0	0	0	0	0	0	0	0	0	0	0	0	0	0	0	0	0	0	0	0	0	
0	0	0	0	0	0	0.090196	0.027451	0	0	0	0	0	0	0	0	0	0	0	0	0	0	0	0	0	0	0	0	0	0	
0	0	0	0	0	0	0.098039	0.019608	0	0	0	0	0	0	0	0	0	0	0	0	0	0	0	0	0	0	0	0	0	0	
0	0	0	0	0	0	0.11765	0	0	0	0	0	0	0	0	0	0	0	0	0	0	0	0	0	0	0	0	0	0	0	
0	0	0	0	0	0	0.11765	0	0	0	0	0	0	0	0	0	0	0	0	0	0	0	0	0	0	0	0	0	0	0	
0	0	0	0	0	0	0.11765	0	0	0	0	0	0	0	0	0	0	0	0	0	0	0	0	0	0	0	0	0	0	0	
0	0	0	0	0	0	0.11765	0	0	0	0	0	0	0	0	0	0	0	0	0	0	0	0	0	0	0	0	0	0	0	
0	0	0	0	0	0	0.11765	0	0	0	0	0	0	0	0	0	0	0	0	0	0	0	0	0	0	0	0	0	0	0	
0	0	0	0	0	0	0.11765	0	0	0	0	0	0	0	0	0	0	0	0	0	0	0	0	0	0	0	0	0	0	0	
0	0	0	0	0	0	0.11765	0	0	0	0	0	0	0	0	0	0	0	0	0	0	0	0	0	0	0	0	0	0	0	
0	0	0	0	0	0	0.11765	0	0	0	0	0	0	0	0	0	0	0	0	0	0	0	0	0	0	0	0	0	0	0	
0	0	0	0	0	0	0.11765	0	0	0	0	0	0	0	0	0	0	0	0	0	0	0	0	0	0	0	0	0	0	0	
0	0	0	0	0	0	0.11765	0	0	0	0	0	0	0	0	0	0	0	0	0	0	0	0	0	0	0	0	0	0	0	
0	0	0	0	0	0	0.11765	0	0	0	0	0	0	0	0	0	0	0	0	0	0	0	0	0	0	0	0	0	0	0	
0	0	0	0	0	0	0.11765	0	0	0	0	0	0	0	0	0	0	0	0	0	0	0	0	0	0	0	0	0	0	0	
0	0	0	0	0	0.011765	0.10588	0	0	0	0	0	0	0	0	0	0	0	0	0	0	0	0	0	0	0	0	0	0	0	
0	0	0	0	0	0.12549	0.0039216	0	0	0	0	0	0	0	0	0	0	0	0	0	0	0	0	0	0	0	0	0	0	0	

1
1
30		30
2
555	214
552	127
677	216
1
672	211
74
555	214
552	216
552	215
553	214
561	203
563	198
569	189
579	172
580	170
581	168
584	164
584	163
586	161
587	159
588	158
588	157
589	157
589	156
590	155
590	154
591	153
591	152
592	151
595	147
596	145
597	144
599	141
601	138
602	137
603	135
603	134
603	133
604	133
605	132
605	131
606	130
607	128
608	128
608	127
609	127
610	127
612	128
613	129
614	130
619	137
621	140
626	146
635	158
637	161
640	165
646	171
648	173
652	177
655	180
657	182
658	184
660	186
663	190
663	191
666	194
667	196
668	197
669	198
671	201
672	202
673	203
674	204
676	208
676	209
677	210
677	211
676	211
674	211
672	211

	611	127
595	126
611	359
1
595	356
44
611	127
611	126
611	127
611	131
610	138
609	154
609	168
608	180
608	186
608	192
607	198
607	214
607	219
607	223
607	232
606	243
606	248
605	253
604	263
603	273
603	276
603	282
603	292
604	294
604	296
605	303
605	305
605	309
605	316
605	319
604	324
603	330
603	331
603	333
602	338
602	339
602	340
601	344
601	345
600	349
597	358
597	359
596	359
595	356



0
3
30	30
0	0	0	0	0	0	0	0	0	0	0	0	0	0	0	0	0	0	0	0.054902	0.058824	0	0	0	0	0	0	0	0	0	
0	0	0	0	0	0	0	0	0	0	0	0	0	0	0	0	0	0	0	0	0.066667	0.11373	0	0	0	0	0	0	0	0	
0	0	0	0	0	0	0	0	0	0	0	0	0	0	0	0	0	0	0	0	0	0.0078431	0.12549	0.054902	0	0	0	0	0	0	
0	0	0	0	0	0	0	0	0	0	0	0	0	0	0	0	0	0	0	0	0	0	0	0.070588	0.12549	0.015686	0	0	0	0	
0	0	0	0	0	0	0	0	0	0	0	0	0	0	0	0	0	0	0	0	0	0	0	0	0	0.1098	0.10196	0	0	0	
0	0	0	0	0	0	0	0	0	0	0	0	0	0	0	0	0	0	0	0	0	0	0	0	0	0	0.023529	0.12549	0.031373	0	
0	0	0	0	0	0	0	0	0	0	0	0	0	0	0	0	0	0	0	0	0	0	0	0	0	0	0	0	0.1098	0.035294	
0	0	0	0	0	0	0	0	0	0	0	0	0	0	0	0	0	0	0	0	0	0	0	0	0	0	0.094118	0.12549	0.19608	0.14118	
0	0	0	0.0039216	0.062745	0.062745	0.062745	0.062745	0.062745	0.031373	0	0	0	0.054902	0.062745	0.062745	0.047059	0	0	0	0.023529	0.12549	0.12549	0.12549	0.12549	0.12549	0.031373	0.043137	0.086275	0	
0.027451	0.12549	0.12549	0.11765	0.062745	0.062745	0.062745	0.062745	0.062745	0.094118	0.12549	0.12549	0.12549	0.070588	0.062745	0.062745	0.078431	0.12549	0.12549	0.12549	0.10196	0	0	0	0	0	0.023529	0.10588	0	0	
0.058824	0	0	0	0	0	0	0	0	0	0	0	0	0	0	0	0	0	0	0	0	0	0	0	0	0.019608	0.1098	0	0	0	
0	0	0	0	0	0	0	0	0	0	0	0	0	0	0	0	0	0	0	0	0	0	0	0	0.027451	0.10196	0	0	0	0	
0	0	0	0	0	0	0	0	0	0	0	0	0	0	0	0	0	0	0	0	0	0	0	0.015686	0.11373	0	0	0	0	0	
0	0	0	0	0	0	0	0	0	0	0	0	0	0	0	0	0	0	0	0	0	0	0	0.13333	0	0	0	0	0	0	
0	0	0	0	0	0	0	0	0	0	0	0	0	0	0	0	0	0	0	0	0	0	0.11765	0.011765	0	0	0	0	0	0	
0	0	0	0	0	0	0	0	0	0	0	0	0	0	0	0	0	0	0	0	0	0.062745	0.066667	0	0	0	0	0	0	0	
0	0	0	0	0	0	0	0	0	0	0	0	0	0	0	0	0	0	0	0	0.015686	0.11373	0	0	0	0	0	0	0	0	
0	0	0	0	0	0	0	0	0	0	0	0	0	0	0	0	0	0	0	0	0.1451	0	0	0	0	0	0	0	0	0	
0	0	0	0	0	0	0	0	0	0	0	0	0	0	0	0	0	0	0	0	0	0	0	0	0	0	0	0	0	0	
0	0	0	0	0	0	0	0	0	0	0	0	0	0	0	0	0	0	0	0	0	0	0	0	0	0	0	0	0	0	
0	0	0	0	0	0	0	0	0	0	0	0	0	0	0	0	0	0	0	0	0	0	0	0	0	0	0	0	0	0	
0	0	0	0	0	0	0	0	0	0	0	0	0	0	0	0	0	0	0	0	0	0	0	0	0	0	0	0	0	0	
0	0	0	0	0	0	0	0	0	0	0	0	0	0	0	0	0	0	0	0	0	0	0	0	0	0	0	0	0	0	
0	0	0	0	0	0	0	0	0	0	0	0	0	0	0	0	0	0	0	0	0	0	0	0	0	0	0	0	0	0	
0	0	0	0	0	0	0	0	0	0	0	0	0	0	0	0	0	0	0	0	0	0	0	0	0	0	0	0	0	0	
0	0	0	0	0	0	0	0	0	0	0	0	0	0	0	0	0	0	0	0	0	0	0	0	0	0	0	0	0	0	
0	0	0	0	0	0	0	0	0	0	0	0	0	0	0	0	0	0	0	0	0	0	0	0	0	0	0	0	0	0	
0	0	0	0	0	0	0	0	0	0	0	0	0	0	0	0	0	0	0	0	0	0	0	0	0	0	0	0	0	0	
0	0	0	0	0	0	0	0	0	0	0	0	0	0	0	0	0	0	0	0	0	0	0	0	0	0	0	0	0	0	
0	0	0	0	0	0	0	0	0	0	0	0	0	0	0	0	0	0	0	0	0	0	0	0	0	0	0	0	0	0	

1
1
30		30
2
441	136
438	134
511	268
1
446	264
35
441	136
439	134
438	134
439	134
442	137
448	141
462	151
466	154
471	157
487	167
492	170
499	175
504	179
505	181
507	183
509	185
510	185
510	186
511	186
511	187
510	187
509	188
504	195
493	208
479	222
467	236
459	248
453	256
450	261
446	266
445	268
444	268
445	267
445	266
446	264

	512	186
295	186
512	210
1
295	209
50
512	186
511	187
510	187
509	187
508	187
507	187
506	187
500	190
497	191
493	192
480	196
476	196
468	197
456	199
452	200
445	202
440	203
438	203
435	203
428	203
426	202
422	202
419	202
417	202
415	201
413	201
409	201
401	201
396	201
389	202
384	202
381	202
377	202
371	202
363	202
355	201
348	201
342	201
334	201
330	201
320	202
317	202
312	203
307	205
304	207
302	208
298	209
297	209
295	210
295	209



0
3
30	30
0	0	0	0	0	0	0.082353	0	0	0	0	0	0	0	0	0	0	0	0	0	0	0	0	0	0	0	0	0	0	0	
0	0	0	0	0	0	0.10588	0	0	0	0	0	0	0	0	0	0	0	0	0	0	0	0	0	0	0	0	0	0	0	
0	0	0	0	0	0	0.10588	0	0	0	0	0	0	0	0	0	0	0	0	0	0	0	0	0	0	0	0	0	0	0	
0	0	0	0	0	0	0.10588	0	0	0	0	0	0	0	0	0	0	0	0	0	0	0	0	0	0	0	0	0	0	0	
0	0	0	0	0	0	0.10588	0	0	0	0	0	0	0	0	0	0	0	0	0	0	0	0	0	0	0	0	0	0	0	
0	0	0	0	0	0	0.10588	0	0	0	0	0	0	0	0	0	0	0	0	0	0	0	0	0	0	0	0	0	0	0	
0	0	0	0	0	0	0.10588	0	0	0	0	0	0	0	0	0	0	0	0	0	0	0	0	0	0	0	0	0	0	0	
0	0	0	0	0	0	0.10588	0	0	0	0	0	0	0	0	0	0	0	0	0	0	0	0	0	0	0	0	0	0	0	
0	0	0	0	0	0	0.10588	0	0	0	0	0	0	0	0	0	0	0	0	0	0	0	0	0	0	0	0	0	0	0	
0	0	0	0	0	0	0.10588	0	0	0	0	0	0	0	0	0	0	0	0	0	0	0	0	0	0	0	0	0	0	0	
0	0	0	0	0	0	0.10588	0	0	0	0	0	0	0	0	0	0	0	0	0	0	0	0	0	0	0	0	0	0	0	
0	0	0	0	0	0	0.10196	0	0	0	0	0	0	0	0	0	0	0	0	0	0	0	0	0	0	0	0	0	0	0	
0	0	0	0	0	0	0	0.10588	0	0	0	0	0	0	0	0	0	0	0	0	0	0	0	0	0	0	0	0	0	0	
0	0	0	0	0	0	0	0.10588	0	0	0	0	0	0	0	0	0	0	0	0	0	0	0	0	0	0	0	0	0	0	
0	0	0	0	0	0	0	0.10588	0	0	0	0	0	0	0	0	0	0	0	0	0	0	0	0	0	0	0	0	0	0	
0	0	0	0	0	0	0	0.10588	0	0	0	0	0	0	0.070588	0	0	0	0	0	0	0	0	0	0	0	0	0	0	0	
0	0	0	0	0	0	0	0.10588	0	0	0	0	0	0	0.10588	0	0	0	0	0	0	0	0	0	0	0	0	0	0	0	
0.082353	0	0	0	0	0	0	0.10588	0	0	0	0	0	0.066667	0.039216	0	0	0	0	0	0	0	0	0	0	0	0	0	0	0	
0	0.10196	0	0	0	0	0	0.10588	0	0	0	0	0	0.10588	0	0	0	0	0	0	0	0	0	0	0	0	0	0	0	0	
0	0.019608	0.086275	0	0	0	0	0.10588	0	0	0	0	0.0039216	0.098039	0	0	0	0	0	0	0	0	0	0	0	0	0	0	0	0	
0	0	0.07451	0.031373	0	0	0	0.10588	0	0	0	0	0.10196	0.0039216	0	0	0	0	0	0	0	0	0	0	0	0	0	0	0	0	
0	0	0	0.10588	0	0	0	0.015686	0.090196	0	0	0	0.10588	0	0	0	0	0	0	0	0	0	0	0	0	0	0	0	0	0	
0	0	0	0.066667	0.039216	0	0	0	0.10588	0	0	0.066667	0.035294	0	0	0	0	0	0	0	0	0	0	0	0	0	0	0	0	0	
0	0	0	0	0.10588	0	0	0	0.10588	0	0	0.10588	0	0	0	0	0	0	0	0	0	0	0	0	0	0	0	0	0	0	
0	0	0	0	0.047059	0.058824	0	0	0.10588	0	0.0039216	0.098039	0	0	0	0	0	0	0	0	0	0	0	0	0	0	0	0	0	0	
0	0	0	0	0	0.098039	0.0078431	0	0.10588	0	0.10588	0	0	0	0	0	0	0	0	0	0	0	0	0	0	0	0	0	0	0	
0	0	0	0	0	0	0.10588	0	0.10196	0.0039216	0.10588	0	0	0	0	0	0	0	0	0	0	0	0	0	0	0	0	0	0	0	
0	0	0	0	0	0	0.011765	0.1098	0.035294	0.13725	0.043137	0	0	0	0	0	0	0	0	0	0	0	0	0	0	0	0	0	0	0	
0	0	0	0	0	0	0	0	0.10588	0.21569	0	0	0	0	0	0	0	0	0	0	0	0	0	0	0	0	0	0	0	0	
0	0	0	0	0	0	0	0	0.0039216	0.16078	0	0	0	0	0	0	0	0	0	0	0	0	0	0	0	0	0	0	0	0	

1
1
30		30
2
81	291
81	276
213	401
1
209	277
47
81	291
83	292
83	293
85	294
86	295
87	296
100	311
104	317
113	334
126	358
129	362
135	370
140	376
142	378
145	381
150	385
152	386
155	389
157	391
158	392
159	393
161	396
162	397
163	398
164	399
164	400
165	401
165	400
165	399
166	398
168	389
169	385
173	375
183	352
185	346
190	333
197	316
200	311
201	306
203	302
208	289
209	286
211	282
212	278
213	276
212	276
209	277

	165	401
135	136
165	401
1
135	136
39
165	401
165	400
164	399
164	398
164	394
163	390
160	371
157	354
155	342
152	324
150	306
149	300
147	283
146	272
145	255
145	247
143	242
141	237
139	229
138	214
138	208
139	203
139	197
139	187
140	183
140	179
140	174
140	172
140	170
140	168
139	161
138	157
138	148
138	142
138	141
137	140
136	140
135	137
135	136



